0.02 0.14
0.03 0.15
0.04 0.16
0.07 0.18
0.12 0.2
0.15 0.21
0.16 0.21
0.19 0.22
0.2 0.22
0.24 0.23
0.25 0.23
0.3 0.24
0.31 0.24
0.36 0.25
0.37 0.25
0.38 0.25
0.44 0.26
0.45 0.26
0.46 0.26
0.47 0.26
0.53 0.27
0.54 0.27
0.55 0.27
0.56 0.27
0.57 0.27
0.64 0.28
0.65 0.28
0.66 0.28
0.67 0.28
0.68 0.28
0.76 0.29
0.77 0.29
0.78 0.29
0.79 0.29
0.8 0.29
0.81 0.29
0.9 0.3
0.91 0.3
0.92 0.3
0.93 0.3
0.94 0.3
0.95 0.3
0.96 0.3
1.05 0.31
1.06 0.31
1.07 0.31
1.08 0.31
1.09 0.31
1.1 0.31
1.11 0.31
1.12 0.31
1.13 0.31
1.24 0.32
1.25 0.32
1.26 0.32
1.27 0.32
1.28 0.32
1.29 0.32
1.3 0.32
1.31 0.32
1.32 0.32
1.33 0.32
1.44 0.33
1.45 0.33
1.46 0.33
1.47 0.33
1.48 0.33
1.49 0.33
1.5 0.33
1.51 0.33
1.52 0.33
1.53 0.33
1.54 0.33
1.55 0.33
1.67 0.34
1.68 0.34
1.69 0.34
1.7 0.34
1.71 0.34
1.72 0.34
1.73 0.34
1.74 0.34
1.75 0.34
1.76 0.34
1.77 0.34
1.78 0.34
1.79 0.34
1.8 0.34
1.93 0.35
1.94 0.35
1.95 0.35
1.96 0.35
1.97 0.35
1.98 0.35
1.99 0.35
