0.01 0.15
0.01 0.16
0.01 0.17
0.02 0.18
0.02 0.19
0.03 0.19
0.03 0.2
0.03 0.21
0.04 0.2
0.04 0.21
0.04 0.22
0.05 0.21
0.05 0.22
0.05 0.23
0.06 0.22
0.06 0.23
0.06 0.24
0.07 0.22
0.07 0.23
0.07 0.24
0.07 0.25
0.08 0.23
0.08 0.24
0.08 0.25
0.08 0.26
0.09 0.24
0.09 0.25
0.09 0.26
0.1 0.24
0.1 0.25
0.1 0.26
0.1 0.27
0.11 0.25
0.11 0.26
0.11 0.27
0.12 0.25
0.12 0.26
0.12 0.27
0.12 0.28
0.13 0.25
0.13 0.26
0.13 0.27
0.13 0.28
0.14 0.26
0.14 0.27
0.14 0.28
0.14 0.29
0.15 0.26
0.15 0.27
0.15 0.28
0.15 0.29
0.16 0.26
0.16 0.27
0.16 0.28
0.16 0.29
0.16 0.3
0.17 0.27
0.17 0.28
0.17 0.29
0.17 0.3
0.18 0.27
0.18 0.28
0.18 0.29
0.18 0.3
0.19 0.27
0.19 0.28
0.19 0.29
0.19 0.3
0.19 0.31
0.2 0.28
0.2 0.29
0.2 0.3
0.2 0.31
0.21 0.28
0.21 0.29
0.21 0.3
0.21 0.31
0.22 0.28
0.22 0.29
0.22 0.3
0.22 0.31
0.22 0.32
0.23 0.28
0.23 0.29
0.23 0.3
0.23 0.31
0.23 0.32
0.24 0.29
0.24 0.3
0.24 0.31
0.24 0.32
0.25 0.29
0.25 0.3
0.25 0.31
0.25 0.32
0.26 0.29
0.26 0.3
0.26 0.31
0.26 0.32
0.26 0.33
0.27 0.29
0.27 0.3
0.27 0.31
0.27 0.32
0.27 0.33
0.28 0.3
0.28 0.31
0.28 0.32
0.28 0.33
0.29 0.3
0.29 0.31
0.29 0.32
0.29 0.33
0.3 0.3
0.3 0.31
0.3 0.32
0.3 0.33
0.3 0.34
0.31 0.3
0.31 0.31
0.31 0.32
0.31 0.33
0.31 0.34
0.32 0.3
0.32 0.31
0.32 0.32
0.32 0.33
0.32 0.34
0.33 0.3
0.33 0.31
0.33 0.32
0.33 0.33
0.33 0.34
0.34 0.31
0.34 0.32
0.34 0.33
0.34 0.34
0.34 0.35
0.35 0.31
0.35 0.32
0.35 0.33
0.35 0.34
0.35 0.35
0.36 0.31
0.36 0.32
0.36 0.33
0.36 0.34
0.36 0.35
0.37 0.31
0.37 0.32
0.37 0.33
0.37 0.34
0.37 0.35
0.38 0.31
0.38 0.32
0.38 0.33
0.38 0.34
0.38 0.35
0.39 0.32
0.39 0.33
0.39 0.34
0.39 0.35
0.39 0.36
0.4 0.32
0.4 0.33
0.4 0.34
0.4 0.35
0.4 0.36
0.41 0.32
0.41 0.33
0.41 0.34
0.41 0.35
0.41 0.36
0.42 0.32
0.42 0.33
0.42 0.34
0.42 0.35
0.42 0.36
0.43 0.32
0.43 0.33
0.43 0.34
0.43 0.35
0.43 0.36
0.44 0.32
0.44 0.33
0.44 0.34
0.44 0.35
0.44 0.36
0.45 0.32
0.45 0.33
0.45 0.34
0.45 0.35
0.45 0.36
0.45 0.37
0.46 0.33
0.46 0.34
0.46 0.35
0.46 0.36
0.46 0.37
0.47 0.33
0.47 0.34
0.47 0.35
0.47 0.36
0.47 0.37
0.48 0.33
0.48 0.34
0.48 0.35
0.48 0.36
0.48 0.37
0.49 0.33
0.49 0.34
0.49 0.35
0.49 0.36
0.49 0.37
0.5 0.33
0.5 0.34
0.5 0.35
0.5 0.36
0.5 0.37
0.51 0.33
0.51 0.34
0.51 0.35
0.51 0.36
0.51 0.37
0.51 0.38
0.52 0.33
0.52 0.34
0.52 0.35
0.52 0.36
0.52 0.37
0.52 0.38
0.53 0.33
0.53 0.34
0.53 0.35
0.53 0.36
0.53 0.37
0.53 0.38
0.54 0.34
0.54 0.35
0.54 0.36
0.54 0.37
0.54 0.38
0.55 0.34
0.55 0.35
0.55 0.36
0.55 0.37
0.55 0.38
0.56 0.34
0.56 0.35
0.56 0.36
0.56 0.37
0.56 0.38
0.57 0.34
0.57 0.35
0.57 0.36
0.57 0.37
0.57 0.38
0.58 0.34
0.58 0.35
0.58 0.36
0.58 0.37
0.58 0.38
0.58 0.39
0.59 0.34
0.59 0.35
0.59 0.36
0.59 0.37
0.59 0.38
0.59 0.39
0.6 0.34
0.6 0.35
0.6 0.36
0.6 0.37
0.6 0.38
0.6 0.39
0.61 0.34
0.61 0.35
0.61 0.36
0.61 0.37
0.61 0.38
0.61 0.39
0.62 0.35
0.62 0.36
0.62 0.37
0.62 0.38
0.62 0.39
0.63 0.35
0.63 0.36
0.63 0.37
0.63 0.38
0.63 0.39
0.64 0.35
0.64 0.36
0.64 0.37
0.64 0.38
0.64 0.39
0.65 0.35
0.65 0.36
0.65 0.37
0.65 0.38
0.65 0.39
0.66 0.35
0.66 0.36
0.66 0.37
0.66 0.38
0.66 0.39
0.66 0.4
0.67 0.35
0.67 0.36
0.67 0.37
0.67 0.38
0.67 0.39
0.67 0.4
0.68 0.35
0.68 0.36
0.68 0.37
0.68 0.38
0.68 0.39
0.68 0.4
0.69 0.35
0.69 0.36
0.69 0.37
0.69 0.38
0.69 0.39
0.69 0.4
0.7 0.35
0.7 0.36
0.7 0.37
0.7 0.38
0.7 0.39
0.7 0.4
0.71 0.35
0.71 0.36
0.71 0.37
0.71 0.38
0.71 0.39
0.71 0.4
0.72 0.36
0.72 0.37
0.72 0.38
0.72 0.39
0.72 0.4
0.73 0.36
0.73 0.37
0.73 0.38
0.73 0.39
0.73 0.4
0.74 0.36
0.74 0.37
0.74 0.38
0.74 0.39
0.74 0.4
0.75 0.36
0.75 0.37
0.75 0.38
0.75 0.39
0.75 0.4
0.75 0.41
0.76 0.36
0.76 0.37
0.76 0.38
0.76 0.39
0.76 0.4
0.76 0.41
0.77 0.36
0.77 0.37
0.77 0.38
0.77 0.39
0.77 0.4
0.77 0.41
0.78 0.36
0.78 0.37
0.78 0.38
0.78 0.39
0.78 0.4
0.78 0.41
0.79 0.36
0.79 0.37
0.79 0.38
0.79 0.39
0.79 0.4
0.79 0.41
0.8 0.36
0.8 0.37
0.8 0.38
0.8 0.39
0.8 0.4
0.8 0.41
0.81 0.36
0.81 0.37
0.81 0.38
0.81 0.39
0.81 0.4
0.81 0.41
0.82 0.36
0.82 0.37
0.82 0.38
0.82 0.39
0.82 0.4
0.82 0.41
0.83 0.37
0.83 0.38
0.83 0.39
0.83 0.4
0.83 0.41
0.84 0.37
0.84 0.38
0.84 0.39
0.84 0.4
0.84 0.41
0.84 0.42
0.85 0.37
0.85 0.38
0.85 0.39
0.85 0.4
0.85 0.41
0.85 0.42
0.86 0.37
0.86 0.38
0.86 0.39
0.86 0.4
0.86 0.41
0.86 0.42
0.87 0.37
0.87 0.38
0.87 0.39
0.87 0.4
0.87 0.41
0.87 0.42
0.88 0.37
0.88 0.38
0.88 0.39
0.88 0.4
0.88 0.41
0.88 0.42
0.89 0.37
0.89 0.38
0.89 0.39
0.89 0.4
0.89 0.41
0.89 0.42
0.9 0.37
0.9 0.38
0.9 0.39
0.9 0.4
0.9 0.41
0.9 0.42
0.91 0.37
0.91 0.38
0.91 0.39
0.91 0.4
0.91 0.41
0.91 0.42
0.92 0.37
0.92 0.38
0.92 0.39
0.92 0.4
0.92 0.41
0.92 0.42
0.93 0.37
0.93 0.38
0.93 0.39
0.93 0.4
0.93 0.41
0.93 0.42
0.94 0.37
0.94 0.38
0.94 0.39
0.94 0.4
0.94 0.41
0.94 0.42
0.95 0.38
0.95 0.39
0.95 0.4
0.95 0.41
0.95 0.42
0.95 0.43
0.96 0.38
0.96 0.39
0.96 0.4
0.96 0.41
0.96 0.42
0.96 0.43
0.97 0.38
0.97 0.39
0.97 0.4
0.97 0.41
0.97 0.42
0.97 0.43
0.98 0.38
0.98 0.39
0.98 0.4
0.98 0.41
0.98 0.42
0.98 0.43
0.99 0.38
0.99 0.39
0.99 0.4
0.99 0.41
0.99 0.42
0.99 0.43
1.0 0.38
1.0 0.39
1.0 0.4
1.0 0.41
1.0 0.42
1.0 0.43
1.01 0.38
1.01 0.39
1.01 0.4
1.01 0.41
1.01 0.42
1.01 0.43
1.02 0.38
1.02 0.39
1.02 0.4
1.02 0.41
1.02 0.42
1.02 0.43
1.03 0.38
1.03 0.39
1.03 0.4
1.03 0.41
1.03 0.42
1.03 0.43
1.04 0.38
1.04 0.39
1.04 0.4
1.04 0.41
1.04 0.42
1.04 0.43
1.05 0.38
1.05 0.39
1.05 0.4
1.05 0.41
1.05 0.42
1.05 0.43
1.06 0.38
1.06 0.39
1.06 0.4
1.06 0.41
1.06 0.42
1.06 0.43
1.06 0.44
1.07 0.38
1.07 0.39
1.07 0.4
1.07 0.41
1.07 0.42
1.07 0.43
1.07 0.44
1.08 0.39
1.08 0.4
1.08 0.41
1.08 0.42
1.08 0.43
1.08 0.44
1.09 0.39
1.09 0.4
1.09 0.41
1.09 0.42
1.09 0.43
1.09 0.44
1.1 0.39
1.1 0.4
1.1 0.41
1.1 0.42
1.1 0.43
1.1 0.44
1.11 0.39
1.11 0.4
1.11 0.41
1.11 0.42
1.11 0.43
1.11 0.44
1.12 0.39
1.12 0.4
1.12 0.41
1.12 0.42
1.12 0.43
1.12 0.44
1.13 0.39
1.13 0.4
1.13 0.41
1.13 0.42
1.13 0.43
1.13 0.44
1.14 0.39
1.14 0.4
1.14 0.41
1.14 0.42
1.14 0.43
1.14 0.44
1.15 0.39
1.15 0.4
1.15 0.41
1.15 0.42
1.15 0.43
1.15 0.44
1.16 0.39
1.16 0.4
1.16 0.41
1.16 0.42
1.16 0.43
1.16 0.44
1.17 0.39
1.17 0.4
1.17 0.41
1.17 0.42
1.17 0.43
1.17 0.44
1.18 0.39
1.18 0.4
1.18 0.41
1.18 0.42
1.18 0.43
1.18 0.44
1.19 0.39
1.19 0.4
1.19 0.41
1.19 0.42
1.19 0.43
1.19 0.44
1.19 0.45
1.2 0.39
1.2 0.4
1.2 0.41
1.2 0.42
1.2 0.43
1.2 0.44
1.2 0.45
1.21 0.39
1.21 0.4
1.21 0.41
1.21 0.42
1.21 0.43
1.21 0.44
1.21 0.45
1.22 0.39
1.22 0.4
1.22 0.41
1.22 0.42
1.22 0.43
1.22 0.44
1.22 0.45
1.23 0.4
1.23 0.41
1.23 0.42
1.23 0.43
1.23 0.44
1.23 0.45
1.24 0.4
1.24 0.41
1.24 0.42
1.24 0.43
1.24 0.44
1.24 0.45
1.25 0.4
1.25 0.41
1.25 0.42
1.25 0.43
1.25 0.44
1.25 0.45
1.26 0.4
1.26 0.41
1.26 0.42
1.26 0.43
1.26 0.44
1.26 0.45
1.27 0.4
1.27 0.41
1.27 0.42
1.27 0.43
1.27 0.44
1.27 0.45
1.28 0.4
1.28 0.41
1.28 0.42
1.28 0.43
1.28 0.44
1.28 0.45
1.29 0.4
1.29 0.41
1.29 0.42
1.29 0.43
1.29 0.44
1.29 0.45
1.3 0.4
1.3 0.41
1.3 0.42
1.3 0.43
1.3 0.44
1.3 0.45
1.31 0.4
1.31 0.41
1.31 0.42
1.31 0.43
1.31 0.44
1.31 0.45
1.32 0.4
1.32 0.41
1.32 0.42
1.32 0.43
1.32 0.44
1.32 0.45
1.32 0.46
1.33 0.4
1.33 0.41
1.33 0.42
1.33 0.43
1.33 0.44
1.33 0.45
1.33 0.46
1.34 0.4
1.34 0.41
1.34 0.42
1.34 0.43
1.34 0.44
1.34 0.45
1.34 0.46
1.35 0.4
1.35 0.41
1.35 0.42
1.35 0.43
1.35 0.44
1.35 0.45
1.35 0.46
1.36 0.4
1.36 0.41
1.36 0.42
1.36 0.43
1.36 0.44
1.36 0.45
1.36 0.46
1.37 0.4
1.37 0.41
1.37 0.42
1.37 0.43
1.37 0.44
1.37 0.45
1.37 0.46
1.38 0.4
1.38 0.41
1.38 0.42
1.38 0.43
1.38 0.44
1.38 0.45
1.38 0.46
1.39 0.4
1.39 0.41
1.39 0.42
1.39 0.43
1.39 0.44
1.39 0.45
1.39 0.46
1.4 0.41
1.4 0.42
1.4 0.43
1.4 0.44
1.4 0.45
1.4 0.46
1.41 0.41
1.41 0.42
1.41 0.43
1.41 0.44
1.41 0.45
1.41 0.46
1.42 0.41
1.42 0.42
1.42 0.43
1.42 0.44
1.42 0.45
1.42 0.46
1.43 0.41
1.43 0.42
1.43 0.43
1.43 0.44
1.43 0.45
1.43 0.46
1.44 0.41
1.44 0.42
1.44 0.43
1.44 0.44
1.44 0.45
1.44 0.46
1.45 0.41
1.45 0.42
1.45 0.43
1.45 0.44
1.45 0.45
1.45 0.46
1.46 0.41
1.46 0.42
1.46 0.43
1.46 0.44
1.46 0.45
1.46 0.46
1.47 0.41
1.47 0.42
1.47 0.43
1.47 0.44
1.47 0.45
1.47 0.46
1.47 0.47
1.48 0.41
1.48 0.42
1.48 0.43
1.48 0.44
1.48 0.45
1.48 0.46
1.48 0.47
1.49 0.41
1.49 0.42
1.49 0.43
1.49 0.44
1.49 0.45
1.49 0.46
1.49 0.47
1.5 0.41
1.5 0.42
1.5 0.43
1.5 0.44
1.5 0.45
1.5 0.46
1.5 0.47
1.51 0.41
1.51 0.42
1.51 0.43
1.51 0.44
1.51 0.45
1.51 0.46
1.51 0.47
1.52 0.41
1.52 0.42
1.52 0.43
1.52 0.44
1.52 0.45
1.52 0.46
1.52 0.47
1.53 0.41
1.53 0.42
1.53 0.43
1.53 0.44
1.53 0.45
1.53 0.46
1.53 0.47
1.54 0.41
1.54 0.42
1.54 0.43
1.54 0.44
1.54 0.45
1.54 0.46
1.54 0.47
1.55 0.41
1.55 0.42
1.55 0.43
1.55 0.44
1.55 0.45
1.55 0.46
1.55 0.47
1.56 0.41
1.56 0.42
1.56 0.43
1.56 0.44
1.56 0.45
1.56 0.46
1.56 0.47
1.57 0.41
1.57 0.42
1.57 0.43
1.57 0.44
1.57 0.45
1.57 0.46
1.57 0.47
1.58 0.42
1.58 0.43
1.58 0.44
1.58 0.45
1.58 0.46
1.58 0.47
1.59 0.42
1.59 0.43
1.59 0.44
1.59 0.45
1.59 0.46
1.59 0.47
1.6 0.42
1.6 0.43
1.6 0.44
1.6 0.45
1.6 0.46
1.6 0.47
1.61 0.42
1.61 0.43
1.61 0.44
1.61 0.45
1.61 0.46
1.61 0.47
1.62 0.42
1.62 0.43
1.62 0.44
1.62 0.45
1.62 0.46
1.62 0.47
1.63 0.42
1.63 0.43
1.63 0.44
1.63 0.45
1.63 0.46
1.63 0.47
1.64 0.42
1.64 0.43
1.64 0.44
1.64 0.45
1.64 0.46
1.64 0.47
1.64 0.48
1.65 0.42
1.65 0.43
1.65 0.44
1.65 0.45
1.65 0.46
1.65 0.47
1.65 0.48
1.66 0.42
1.66 0.43
1.66 0.44
1.66 0.45
1.66 0.46
1.66 0.47
1.66 0.48
1.67 0.42
1.67 0.43
1.67 0.44
1.67 0.45
1.67 0.46
1.67 0.47
1.67 0.48
1.68 0.42
1.68 0.43
1.68 0.44
1.68 0.45
1.68 0.46
1.68 0.47
1.68 0.48
1.69 0.42
1.69 0.43
1.69 0.44
1.69 0.45
1.69 0.46
1.69 0.47
1.69 0.48
1.7 0.42
1.7 0.43
1.7 0.44
1.7 0.45
1.7 0.46
1.7 0.47
1.7 0.48
1.71 0.42
1.71 0.43
1.71 0.44
1.71 0.45
1.71 0.46
1.71 0.47
1.71 0.48
1.72 0.42
1.72 0.43
1.72 0.44
1.72 0.45
1.72 0.46
1.72 0.47
1.72 0.48
1.73 0.42
1.73 0.43
1.73 0.44
1.73 0.45
1.73 0.46
1.73 0.47
1.73 0.48
1.74 0.42
1.74 0.43
1.74 0.44
1.74 0.45
1.74 0.46
1.74 0.47
1.74 0.48
1.75 0.42
1.75 0.43
1.75 0.44
1.75 0.45
1.75 0.46
1.75 0.47
1.75 0.48
1.76 0.42
1.76 0.43
1.76 0.44
1.76 0.45
1.76 0.46
1.76 0.47
1.76 0.48
1.77 0.42
1.77 0.43
1.77 0.44
1.77 0.45
1.77 0.46
1.77 0.47
1.77 0.48
1.78 0.43
1.78 0.44
1.78 0.45
1.78 0.46
1.78 0.47
1.78 0.48
1.79 0.43
1.79 0.44
1.79 0.45
1.79 0.46
1.79 0.47
1.79 0.48
1.8 0.43
1.8 0.44
1.8 0.45
1.8 0.46
1.8 0.47
1.8 0.48
1.81 0.43
1.81 0.44
1.81 0.45
1.81 0.46
1.81 0.47
1.81 0.48
1.81 0.49
1.82 0.43
1.82 0.44
1.82 0.45
1.82 0.46
1.82 0.47
1.82 0.48
1.82 0.49
1.83 0.43
1.83 0.44
1.83 0.45
1.83 0.46
1.83 0.47
1.83 0.48
1.83 0.49
1.84 0.43
1.84 0.44
1.84 0.45
1.84 0.46
1.84 0.47
1.84 0.48
1.84 0.49
1.85 0.43
1.85 0.44
1.85 0.45
1.85 0.46
1.85 0.47
1.85 0.48
1.85 0.49
1.86 0.43
1.86 0.44
1.86 0.45
1.86 0.46
1.86 0.47
1.86 0.48
1.86 0.49
1.87 0.43
1.87 0.44
1.87 0.45
1.87 0.46
1.87 0.47
1.87 0.48
1.87 0.49
1.88 0.43
1.88 0.44
1.88 0.45
1.88 0.46
1.88 0.47
1.88 0.48
1.88 0.49
1.89 0.43
1.89 0.44
1.89 0.45
1.89 0.46
1.89 0.47
1.89 0.48
1.89 0.49
1.9 0.43
1.9 0.44
1.9 0.45
1.9 0.46
1.9 0.47
1.9 0.48
1.9 0.49
1.91 0.43
1.91 0.44
1.91 0.45
1.91 0.46
1.91 0.47
1.91 0.48
1.91 0.49
1.92 0.43
1.92 0.44
1.92 0.45
1.92 0.46
1.92 0.47
1.92 0.48
1.92 0.49
1.93 0.43
1.93 0.44
1.93 0.45
1.93 0.46
1.93 0.47
1.93 0.48
1.93 0.49
1.94 0.43
1.94 0.44
1.94 0.45
1.94 0.46
1.94 0.47
1.94 0.48
1.94 0.49
1.95 0.43
1.95 0.44
1.95 0.45
1.95 0.46
1.95 0.47
1.95 0.48
1.95 0.49
1.96 0.43
1.96 0.44
1.96 0.45
1.96 0.46
1.96 0.47
1.96 0.48
1.96 0.49
1.97 0.43
1.97 0.44
1.97 0.45
1.97 0.46
1.97 0.47
1.97 0.48
1.97 0.49
1.98 0.43
1.98 0.44
1.98 0.45
1.98 0.46
1.98 0.47
1.98 0.48
1.98 0.49
1.99 0.43
1.99 0.44
1.99 0.45
1.99 0.46
1.99 0.47
1.99 0.48
1.99 0.49
