0.011 0.141
0.013 0.101
0.016 0.131
0.019 0.1
0.019 0.108
0.021 0.102
0.024 0.142
0.026 0.116
0.034 0.112
0.035 0.167
0.036 0.154
0.037 0.119
0.037 0.135
0.037 0.155
0.04 0.116
0.042 0.118
0.042 0.159
0.043 0.186
0.044 0.185
0.045 0.119
0.048 0.178
0.05 0.188
0.054 0.123
0.055 0.124
0.057 0.169
0.065 0.189
0.065 0.202
0.066 0.174
0.067 0.152
0.068 0.175
0.07 0.176
0.07 0.205
0.071 0.184
0.072 0.177
0.074 0.155
0.074 0.178
0.076 0.179
0.077 0.209
0.082 0.146
0.082 0.198
0.084 0.136
0.084 0.199
0.085 0.156
0.086 0.2
0.091 0.137
0.093 0.217
0.094 0.143
0.095 0.163
0.098 0.164
0.103 0.17
0.108 0.192
0.109 0.224
0.11 0.21
0.11 0.224
0.111 0.193
0.114 0.194
0.114 0.226
0.115 0.212
0.117 0.195
0.118 0.145
0.118 0.213
0.119 0.228
0.12 0.196
0.127 0.231
0.128 0.175
0.129 0.173
0.132 0.148
0.133 0.148
0.133 0.226
0.134 0.148
0.136 0.201
0.139 0.202
0.14 0.151
0.142 0.221
0.143 0.203
0.145 0.222
0.146 0.204
0.147 0.204
0.148 0.223
0.15 0.205
0.151 0.152
0.151 0.165
0.152 0.18
0.152 0.224
0.153 0.184
0.154 0.206
0.155 0.199
0.157 0.156
0.157 0.241
0.16 0.205
0.16 0.227
0.161 0.16
0.161 0.208
0.166 0.239
0.167 0.244
0.171 0.157
0.174 0.246
0.177 0.159
0.179 0.157
0.179 0.185
0.181 0.232
0.183 0.193
0.184 0.186
0.184 0.187
0.185 0.233
0.185 0.249
0.186 0.172
0.189 0.187
0.189 0.234
0.19 0.215
0.193 0.235
0.194 0.184
0.194 0.188
0.196 0.197
0.197 0.231
0.197 0.236
0.199 0.189
0.199 0.217
0.202 0.16
0.203 0.214
0.204 0.218
0.209 0.163
0.209 0.219
0.21 0.191
0.21 0.202
0.212 0.229
0.213 0.22
0.214 0.163
0.214 0.22
0.218 0.163
0.218 0.221
0.219 0.221
0.221 0.185
0.221 0.193
0.221 0.194
0.221 0.258
0.223 0.222
0.224 0.164
0.224 0.222
0.227 0.194
0.228 0.223
0.229 0.223
0.233 0.195
0.233 0.224
0.233 0.244
0.234 0.224
0.234 0.261
0.235 0.224
0.237 0.245
0.239 0.196
0.239 0.225
0.24 0.192
0.24 0.225
0.241 0.166
0.242 0.246
0.243 0.263
0.244 0.226
0.245 0.197
0.245 0.226
0.247 0.247
0.248 0.264
0.249 0.227
0.251 0.227
0.253 0.168
0.253 0.26
0.258 0.249
0.261 0.169
0.261 0.184
0.262 0.267
0.266 0.23
0.267 0.268
0.271 0.191
0.271 0.201
0.272 0.231
0.272 0.269
0.273 0.264
0.275 0.177
0.278 0.232
0.28 0.259
0.283 0.174
0.284 0.233
0.288 0.175
0.29 0.188
0.29 0.255
0.291 0.174
0.293 0.273
0.294 0.18
0.296 0.256
0.301 0.257
0.302 0.257
0.304 0.232
0.304 0.275
0.306 0.228
0.307 0.258
0.308 0.258
0.314 0.175
0.314 0.259
0.315 0.277
0.317 0.272
0.32 0.26
0.321 0.278
0.324 0.208
0.329 0.209
0.33 0.183
0.33 0.226
0.333 0.178
0.335 0.18
0.336 0.241
0.339 0.222
0.341 0.276
0.342 0.186
0.343 0.242
0.349 0.195
0.349 0.198
0.351 0.179
0.351 0.243
0.351 0.283
0.352 0.18
0.355 0.181
0.355 0.196
0.357 0.284
0.358 0.244
0.361 0.181
0.365 0.245
0.365 0.267
0.366 0.245
0.367 0.2
0.37 0.286
0.371 0.268
0.372 0.268
0.373 0.222
0.373 0.246
0.373 0.281
0.374 0.181
0.374 0.246
0.376 0.182
0.376 0.287
0.378 0.269
0.379 0.269
0.38 0.247
0.381 0.185
0.381 0.225
0.381 0.247
0.382 0.247
0.383 0.182
0.383 0.288
0.386 0.27
0.388 0.248
0.389 0.248
0.39 0.248
0.391 0.248
0.392 0.184
0.393 0.271
0.394 0.271
0.395 0.184
0.396 0.249
0.397 0.249
0.398 0.249
0.399 0.249
0.401 0.272
0.403 0.186
0.403 0.262
0.403 0.291
0.404 0.25
0.405 0.188
0.405 0.25
0.406 0.25
0.407 0.25
0.408 0.186
0.41 0.292
0.412 0.251
0.413 0.251
0.414 0.251
0.415 0.185
0.415 0.251
0.417 0.293
0.42 0.252
0.421 0.252
0.422 0.252
0.423 0.252
0.426 0.243
0.428 0.187
0.428 0.205
0.429 0.19
0.429 0.253
0.43 0.253
0.431 0.19
0.431 0.253
0.432 0.187
0.432 0.188
0.432 0.295
0.437 0.254
0.438 0.254
0.439 0.254
0.439 0.296
0.441 0.188
0.446 0.255
0.447 0.255
0.447 0.278
0.447 0.288
0.448 0.205
0.45 0.203
0.452 0.292
0.453 0.19
0.454 0.279
0.454 0.298
0.455 0.223
0.455 0.256
0.455 0.279
0.459 0.206
0.462 0.28
0.462 0.299
0.463 0.192
0.463 0.28
0.47 0.223
0.471 0.281
0.472 0.196
0.472 0.281
0.474 0.22
0.475 0.233
0.476 0.19
0.476 0.225
0.48 0.225
0.48 0.282
0.483 0.27
0.487 0.226
0.487 0.302
0.489 0.283
0.491 0.25
0.492 0.297
0.494 0.237
0.497 0.192
0.498 0.227
0.5 0.227
0.502 0.304
0.504 0.201
0.504 0.295
0.507 0.193
0.509 0.228
0.51 0.262
0.51 0.305
0.52 0.229
0.522 0.229
0.526 0.24
0.526 0.301
0.527 0.307
0.528 0.195
0.528 0.196
0.529 0.231
0.53 0.203
0.53 0.264
0.531 0.23
0.533 0.195
0.535 0.23
0.536 0.308
0.54 0.265
0.542 0.195
0.543 0.231
0.543 0.289
0.544 0.309
0.549 0.277
0.55 0.2
0.551 0.29
0.552 0.29
0.553 0.31
0.554 0.238
0.555 0.232
0.557 0.197
0.558 0.232
0.56 0.291
0.561 0.209
0.561 0.267
0.561 0.291
0.562 0.291
0.562 0.305
0.562 0.311
0.565 0.266
0.567 0.233
0.57 0.292
0.571 0.292
0.571 0.312
0.572 0.206
0.572 0.268
0.572 0.292
0.579 0.234
0.58 0.293
0.581 0.293
0.582 0.269
0.582 0.293
0.583 0.199
0.583 0.269
0.584 0.269
0.587 0.199
0.59 0.314
0.591 0.294
0.592 0.23
0.592 0.235
0.592 0.294
0.593 0.235
0.593 0.27
0.594 0.27
0.595 0.235
0.595 0.27
0.596 0.2
0.597 0.212
0.599 0.315
0.6 0.223
0.601 0.201
0.602 0.295
0.603 0.199
0.604 0.236
0.604 0.271
0.605 0.231
0.605 0.236
0.605 0.271
0.606 0.271
0.607 0.271
0.608 0.218
0.609 0.209
0.609 0.316
0.615 0.201
0.616 0.272
0.617 0.205
0.617 0.237
0.617 0.272
0.618 0.237
0.618 0.272
0.619 0.272
0.619 0.317
0.62 0.235
0.627 0.273
0.628 0.273
0.628 0.318
0.629 0.273
0.63 0.238
0.63 0.273
0.631 0.273
0.635 0.238
0.637 0.22
0.638 0.274
0.638 0.319
0.639 0.274
0.64 0.274
0.641 0.202
0.641 0.274
0.642 0.274
0.642 0.281
0.643 0.274
0.648 0.32
0.649 0.27
0.649 0.274
0.65 0.275
0.651 0.275
0.652 0.275
0.653 0.207
0.653 0.212
0.653 0.275
0.654 0.241
0.654 0.275
0.655 0.275
0.655 0.3
0.659 0.321
0.66 0.203
0.661 0.204
0.662 0.276
0.663 0.276
0.664 0.276
0.664 0.301
0.665 0.204
0.665 0.276
0.665 0.301
0.666 0.276
0.666 0.301
0.667 0.276
0.667 0.288
0.669 0.322
0.674 0.277
0.674 0.302
0.675 0.277
0.675 0.302
0.676 0.277
0.676 0.302
0.677 0.277
0.677 0.302
0.678 0.204
0.678 0.205
0.678 0.277
0.679 0.277
0.679 0.323
0.68 0.206
0.683 0.318
0.686 0.303
0.687 0.257
0.687 0.278
0.687 0.303
0.688 0.278
0.688 0.303
0.689 0.278
0.69 0.205
0.69 0.278
0.69 0.324
0.695 0.205
0.695 0.265
0.696 0.206
0.697 0.304
0.698 0.304
0.699 0.205
0.699 0.243
0.699 0.279
0.699 0.304
0.7 0.279
0.701 0.279
0.701 0.325
0.709 0.305
0.71 0.305
0.711 0.28
0.711 0.305
0.711 0.326
0.712 0.28
0.712 0.326
0.713 0.28
0.717 0.253
0.718 0.242
0.721 0.264
0.722 0.216
0.722 0.306
0.722 0.327
0.723 0.216
0.723 0.306
0.723 0.327
0.724 0.281
0.725 0.281
0.728 0.226
0.733 0.328
0.734 0.207
0.734 0.328
0.735 0.216
0.735 0.307
0.737 0.282
0.737 0.322
0.741 0.217
0.743 0.209
0.745 0.329
0.747 0.305
0.75 0.283
0.756 0.33
0.757 0.316
0.76 0.209
0.761 0.213
0.762 0.211
0.762 0.228
0.765 0.283
0.768 0.331
0.769 0.211
0.77 0.259
0.772 0.325
0.774 0.248
0.778 0.292
0.779 0.229
0.779 0.332
0.78 0.332
0.784 0.326
0.785 0.211
0.785 0.26
0.786 0.21
0.791 0.212
0.791 0.333
0.795 0.212
0.795 0.312
0.796 0.312
0.796 0.327
0.797 0.23
0.803 0.334
0.807 0.313
0.808 0.313
0.809 0.313
0.81 0.278
0.813 0.281
0.815 0.335
0.817 0.213
0.818 0.219
0.818 0.3
0.819 0.314
0.82 0.314
0.821 0.314
0.822 0.24
0.822 0.314
0.823 0.213
0.827 0.336
0.828 0.336
0.829 0.221
0.832 0.227
0.833 0.315
0.834 0.315
0.835 0.315
0.836 0.315
0.84 0.337
0.844 0.217
0.846 0.316
0.846 0.331
0.847 0.316
0.848 0.233
0.848 0.316
0.849 0.316
0.852 0.338
0.853 0.338
0.859 0.215
0.861 0.317
0.862 0.317
0.865 0.339
0.866 0.224
0.868 0.234
0.874 0.304
0.876 0.318
0.877 0.292
0.878 0.292
0.878 0.34
0.881 0.215
0.885 0.235
0.885 0.334
0.887 0.278
0.888 0.317
0.89 0.22
0.891 0.341
0.892 0.293
0.893 0.293
0.894 0.293
0.897 0.255
0.901 0.218
0.904 0.342
0.908 0.294
0.909 0.294
0.91 0.222
0.91 0.294
0.915 0.277
0.917 0.343
0.918 0.307
0.918 0.343
0.923 0.295
0.924 0.219
0.924 0.295
0.925 0.257
0.925 0.295
0.926 0.295
0.931 0.344
0.932 0.222
0.933 0.308
0.935 0.222
0.939 0.296
0.94 0.296
0.941 0.219
0.941 0.296
0.942 0.296
0.943 0.219
0.943 0.296
0.944 0.345
0.945 0.345
0.946 0.323
0.947 0.323
0.948 0.27
0.951 0.258
0.952 0.304
0.955 0.297
0.956 0.297
0.957 0.297
0.958 0.297
0.958 0.346
0.959 0.297
0.959 0.324
0.959 0.346
0.96 0.219
0.96 0.297
0.96 0.324
0.961 0.324
0.962 0.324
0.966 0.312
0.967 0.287
0.969 0.219
0.971 0.298
0.972 0.298
0.972 0.347
0.973 0.298
0.973 0.325
0.974 0.298
0.974 0.325
0.975 0.298
0.975 0.325
0.976 0.298
0.976 0.325
0.977 0.298
0.977 0.325
0.978 0.223
0.985 0.24
0.986 0.348
0.987 0.348
0.988 0.22
0.988 0.299
0.988 0.326
0.989 0.299
0.989 0.326
0.99 0.299
0.99 0.326
0.991 0.299
0.991 0.326
0.992 0.299
0.992 0.326
0.993 0.299
0.994 0.299
0.995 0.299
0.996 0.342
0.997 0.221
0.997 0.225
1.0 0.349
1.001 0.349
1.002 0.273
1.004 0.3
1.004 0.327
1.005 0.3
1.005 0.327
1.006 0.241
1.006 0.3
1.006 0.327
1.007 0.3
1.007 0.327
1.008 0.3
1.009 0.3
1.01 0.3
1.01 0.339
1.011 0.3
1.012 0.247
1.012 0.3
1.015 0.222
1.015 0.35
1.016 0.308
1.018 0.275
1.018 0.283
1.02 0.328
1.021 0.23
1.021 0.268
1.021 0.301
1.021 0.328
1.022 0.301
1.022 0.328
1.023 0.301
1.023 0.328
1.024 0.301
1.025 0.301
1.026 0.242
1.026 0.301
1.027 0.301
1.028 0.222
1.028 0.223
1.028 0.301
1.029 0.299
1.029 0.301
1.029 0.344
1.029 0.351
1.03 0.351
1.031 0.231
1.032 0.225
1.033 0.224
1.037 0.329
1.038 0.263
1.038 0.302
1.038 0.329
1.039 0.275
1.039 0.282
1.039 0.302
1.039 0.329
1.039 0.33
1.04 0.302
1.041 0.227
1.041 0.302
1.042 0.302
1.043 0.302
1.044 0.302
1.044 0.315
1.044 0.352
1.045 0.352
1.046 0.223
1.053 0.323
1.056 0.303
1.057 0.303
1.058 0.225
1.058 0.264
1.058 0.276
1.058 0.303
1.059 0.303
1.059 0.353
1.06 0.303
1.06 0.353
1.062 0.315
1.063 0.254
1.07 0.244
1.071 0.343
1.071 0.347
1.073 0.286
1.073 0.304
1.074 0.304
1.074 0.354
1.075 0.304
1.075 0.354
1.076 0.304
1.082 0.348
1.084 0.225
1.089 0.355
1.09 0.355
1.091 0.226
1.091 0.305
1.092 0.305
1.093 0.305
1.097 0.278
1.101 0.232
1.102 0.235
1.105 0.356
1.109 0.306
1.11 0.306
1.112 0.319
1.114 0.261
1.117 0.279
1.118 0.35
1.119 0.27
1.119 0.334
1.12 0.334
1.12 0.357
1.121 0.357
1.126 0.226
1.127 0.307
1.13 0.226
1.131 0.227
1.134 0.227
1.134 0.335
1.135 0.335
1.136 0.335
1.136 0.358
1.137 0.335
1.137 0.358
1.141 0.228
1.143 0.229
1.144 0.247
1.148 0.237
1.15 0.336
1.151 0.336
1.152 0.336
1.152 0.359
1.153 0.336
1.153 0.359
1.154 0.336
1.154 0.337
1.155 0.228
1.161 0.248
1.162 0.227
1.163 0.232
1.165 0.23
1.166 0.337
1.167 0.291
1.167 0.337
1.167 0.353
1.168 0.291
1.168 0.337
1.168 0.349
1.168 0.36
1.169 0.291
1.169 0.337
1.169 0.36
1.17 0.337
1.171 0.337
1.172 0.299
1.173 0.238
1.176 0.232
1.179 0.23
1.181 0.232
1.182 0.228
1.184 0.229
1.184 0.27
1.184 0.338
1.184 0.361
1.185 0.338
1.185 0.361
1.186 0.338
1.187 0.229
1.187 0.338
1.188 0.231
1.188 0.292
1.188 0.338
1.189 0.237
1.189 0.292
1.189 0.338
1.196 0.231
1.198 0.239
1.201 0.362
1.202 0.265
1.202 0.339
1.202 0.362
1.203 0.339
1.204 0.339
1.205 0.339
1.206 0.271
1.206 0.339
1.207 0.271
1.209 0.232
1.209 0.293
1.211 0.23
1.215 0.229
1.217 0.229
1.217 0.363
1.218 0.23
1.218 0.363
1.219 0.238
1.222 0.34
1.223 0.24
1.223 0.34
1.224 0.34
1.228 0.232
1.229 0.272
1.23 0.272
1.231 0.231
1.234 0.364
1.235 0.297
1.235 0.364
1.239 0.231
1.241 0.235
1.241 0.341
1.242 0.341
1.243 0.231
1.244 0.231
1.244 0.268
1.248 0.267
1.249 0.364
1.25 0.355
1.251 0.365
1.252 0.273
1.252 0.358
1.252 0.365
1.253 0.273
1.261 0.256
1.261 0.314
1.262 0.232
1.265 0.252
1.269 0.366
1.27 0.366
1.275 0.274
1.276 0.274
1.278 0.328
1.282 0.315
1.286 0.367
1.287 0.367
1.298 0.275
1.3 0.233
1.302 0.236
1.302 0.316
1.303 0.316
1.304 0.368
1.305 0.368
1.305 0.369
1.309 0.288
1.311 0.235
1.311 0.236
1.311 0.258
1.317 0.345
1.32 0.27
1.321 0.369
1.322 0.369
1.323 0.317
1.323 0.369
1.324 0.317
1.332 0.276
1.332 0.289
1.333 0.346
1.334 0.255
1.334 0.346
1.335 0.346
1.336 0.346
1.338 0.354
1.339 0.237
1.339 0.37
1.34 0.37
1.341 0.339
1.341 0.37
1.342 0.363
1.344 0.318
1.345 0.318
1.347 0.234
1.351 0.242
1.351 0.347
1.351 0.365
1.352 0.347
1.353 0.347
1.354 0.31
1.354 0.347
1.355 0.236
1.355 0.29
1.355 0.347
1.356 0.245
1.356 0.347
1.357 0.371
1.358 0.245
1.358 0.371
1.359 0.371
1.362 0.235
1.364 0.36
1.367 0.235
1.369 0.295
1.37 0.235
1.37 0.239
1.37 0.348
1.371 0.348
1.372 0.348
1.373 0.236
1.373 0.348
1.374 0.348
1.375 0.348
1.376 0.372
1.377 0.372
1.38 0.246
1.381 0.341
1.387 0.257
1.389 0.261
1.389 0.349
1.39 0.349
1.391 0.236
1.391 0.349
1.392 0.349
1.393 0.349
1.394 0.238
1.394 0.349
1.395 0.349
1.395 0.373
1.396 0.373
1.398 0.366
1.407 0.318
1.408 0.321
1.41 0.268
1.41 0.35
1.411 0.35
1.412 0.35
1.413 0.35
1.413 0.374
1.414 0.35
1.414 0.374
1.415 0.35
1.415 0.374
1.429 0.237
1.43 0.274
1.431 0.322
1.431 0.351
1.432 0.351
1.432 0.375
1.433 0.351
1.433 0.375
1.434 0.351
1.434 0.375
1.435 0.351
1.436 0.351
1.437 0.368
1.438 0.287
1.439 0.259
1.44 0.242
1.44 0.257
1.445 0.253
1.447 0.239
1.451 0.294
1.451 0.376
1.452 0.376
1.453 0.323
1.453 0.376
1.454 0.323
1.454 0.352
1.455 0.323
1.455 0.352
1.456 0.352
1.458 0.238
1.461 0.238
1.462 0.239
1.465 0.297
1.467 0.24
1.471 0.361
1.471 0.377
1.472 0.377
1.473 0.249
1.476 0.295
1.476 0.324
1.477 0.324
1.477 0.353
1.478 0.324
1.479 0.324
1.483 0.239
1.485 0.338
1.488 0.245
1.489 0.351
1.49 0.24
1.49 0.378
1.491 0.378
1.492 0.378
1.497 0.314
1.498 0.325
1.499 0.325
1.5 0.277
1.5 0.325
1.501 0.296
1.501 0.325
1.502 0.239
1.502 0.325
1.503 0.26
1.503 0.325
1.504 0.325
1.51 0.379
1.511 0.379
1.512 0.379
1.521 0.326
1.522 0.326
1.523 0.326
1.524 0.326
1.525 0.25
1.525 0.326
1.525 0.376
1.526 0.326
1.527 0.297
1.527 0.326
1.528 0.326
1.529 0.326
1.53 0.38
1.531 0.241
1.531 0.38
1.532 0.38
1.537 0.373
1.545 0.327
1.546 0.327
1.546 0.377
1.547 0.327
1.548 0.327
1.549 0.245
1.549 0.289
1.549 0.327
1.55 0.327
1.551 0.327
1.551 0.381
1.552 0.327
1.552 0.381
1.555 0.279
1.558 0.263
1.558 0.374
1.559 0.246
1.56 0.357
1.561 0.357
1.562 0.357
1.563 0.357
1.569 0.246
1.569 0.294
1.569 0.328
1.57 0.328
1.571 0.328
1.571 0.382
1.572 0.328
1.572 0.382
1.573 0.328
1.573 0.382
1.574 0.328
1.575 0.342
1.579 0.299
1.579 0.375
1.58 0.358
1.581 0.358
1.582 0.358
1.583 0.28
1.583 0.358
1.584 0.358
1.585 0.358
1.589 0.307
1.592 0.383
1.593 0.242
1.593 0.329
1.593 0.383
1.594 0.329
1.595 0.329
1.596 0.329
1.599 0.242
1.6 0.359
1.6 0.376
1.601 0.242
1.601 0.305
1.601 0.359
1.602 0.359
1.603 0.242
1.603 0.359
1.604 0.245
1.604 0.275
1.604 0.359
1.605 0.359
1.606 0.359
1.607 0.245
1.607 0.359
1.607 0.372
1.61 0.243
1.61 0.245
1.613 0.384
1.614 0.286
1.614 0.384
1.617 0.33
1.618 0.33
1.619 0.33
1.62 0.319
1.622 0.36
1.623 0.244
1.623 0.36
1.624 0.36
1.625 0.36
1.626 0.254
1.626 0.36
1.627 0.36
1.628 0.36
1.629 0.36
1.63 0.36
1.633 0.276
1.634 0.385
1.635 0.318
1.635 0.385
1.64 0.245
1.64 0.325
1.642 0.331
1.643 0.331
1.643 0.378
1.644 0.306
1.645 0.361
1.646 0.361
1.647 0.361
1.648 0.361
1.649 0.361
1.65 0.361
1.651 0.361
1.652 0.361
1.655 0.386
1.656 0.386
1.657 0.255
1.657 0.386
1.658 0.255
1.661 0.288
1.664 0.245
1.665 0.379
1.667 0.332
1.668 0.244
1.668 0.246
1.668 0.331
1.669 0.362
1.67 0.362
1.671 0.362
1.672 0.362
1.673 0.362
1.673 0.383
1.674 0.362
1.675 0.362
1.677 0.387
1.678 0.245
1.678 0.387
1.687 0.38
1.688 0.256
1.689 0.256
1.692 0.333
1.693 0.256
1.694 0.363
1.695 0.311
1.695 0.363
1.696 0.363
1.697 0.246
1.697 0.363
1.698 0.245
1.698 0.363
1.698 0.388
1.699 0.363
1.699 0.388
1.7 0.388
1.708 0.292
1.709 0.378
1.709 0.381
1.714 0.288
1.716 0.253
1.717 0.334
1.718 0.348
1.718 0.377
1.719 0.322
1.72 0.364
1.72 0.389
1.721 0.364
1.721 0.389
1.722 0.364
1.722 0.389
1.728 0.397
1.73 0.251
1.732 0.382
1.736 0.25
1.742 0.269
1.742 0.334
1.742 0.39
1.743 0.335
1.743 0.349
1.743 0.39
1.744 0.305
1.744 0.39
1.746 0.247
1.746 0.365
1.747 0.248
1.751 0.324
1.756 0.258
1.76 0.286
1.764 0.379
1.765 0.391
1.766 0.391
1.767 0.391
1.768 0.247
1.768 0.35
1.776 0.27
1.781 0.25
1.783 0.311
1.788 0.392
1.789 0.392
1.79 0.259
1.79 0.392
1.791 0.287
1.794 0.249
1.796 0.248
1.796 0.285
1.798 0.367
1.801 0.385
1.803 0.399
1.808 0.248
1.808 0.249
1.808 0.271
1.811 0.36
1.811 0.393
1.812 0.294
1.812 0.393
1.813 0.393
1.815 0.249
1.815 0.31
1.817 0.368
1.818 0.368
1.819 0.368
1.827 0.397
1.828 0.296
1.831 0.249
1.831 0.308
1.832 0.25
1.834 0.394
1.835 0.251
1.835 0.382
1.835 0.394
1.836 0.394
1.837 0.249
1.838 0.369
1.839 0.272
1.839 0.369
1.84 0.369
1.841 0.369
1.842 0.369
1.843 0.27
1.843 0.369
1.844 0.347
1.844 0.369
1.845 0.353
1.846 0.255
1.848 0.387
1.849 0.25
1.85 0.339
1.851 0.278
1.857 0.395
1.858 0.395
1.859 0.395
1.86 0.261
1.861 0.309
1.861 0.37
1.862 0.254
1.862 0.37
1.862 0.388
1.863 0.37
1.864 0.37
1.865 0.261
1.865 0.37
1.865 0.4
1.866 0.37
1.867 0.37
1.868 0.37
1.869 0.37
1.872 0.388
1.873 0.273
1.874 0.273
1.875 0.273
1.876 0.252
1.877 0.273
1.877 0.34
1.878 0.34
1.88 0.251
1.88 0.334
1.881 0.396
1.882 0.396
1.883 0.396
1.884 0.252
1.885 0.25
1.885 0.254
1.885 0.263
1.886 0.371
1.887 0.371
1.888 0.371
1.889 0.371
1.89 0.296
1.89 0.371
1.891 0.371
1.891 0.385
1.892 0.371
1.893 0.371
1.894 0.371
1.896 0.262
1.898 0.304
1.898 0.355
1.899 0.262
1.901 0.359
1.904 0.252
1.904 0.288
1.905 0.341
1.905 0.397
1.906 0.27
1.906 0.341
1.906 0.397
1.907 0.274
1.907 0.397
1.908 0.274
1.909 0.274
1.91 0.274
1.911 0.274
1.911 0.372
1.912 0.274
1.912 0.34
1.912 0.372
1.913 0.372
1.914 0.372
1.915 0.372
1.916 0.279
1.916 0.372
1.917 0.372
1.918 0.253
1.918 0.372
1.919 0.372
1.92 0.372
1.921 0.39
1.922 0.311
1.923 0.386
1.924 0.286
1.929 0.398
1.93 0.252
1.93 0.398
1.931 0.398
1.933 0.256
1.933 0.342
1.934 0.342
1.935 0.342
1.936 0.28
1.937 0.252
1.937 0.336
1.938 0.373
1.939 0.373
1.94 0.373
1.941 0.373
1.942 0.262
1.942 0.275
1.942 0.373
1.943 0.275
1.943 0.373
1.944 0.275
1.944 0.373
1.945 0.275
1.945 0.373
1.946 0.275
1.946 0.373
1.946 0.391
1.947 0.275
1.948 0.253
1.948 0.275
1.949 0.257
1.951 0.286
1.952 0.357
1.953 0.399
1.954 0.312
1.954 0.399
1.955 0.298
1.955 0.399
1.959 0.254
1.962 0.263
1.962 0.343
1.963 0.282
1.963 0.343
1.964 0.254
1.964 0.343
1.965 0.254
1.965 0.343
1.966 0.374
1.967 0.374
1.968 0.374
1.969 0.374
1.97 0.374
1.971 0.374
1.971 0.392
1.972 0.374
1.977 0.255
1.978 0.276
1.978 0.4
1.979 0.276
1.979 0.341
1.979 0.4
1.98 0.276
1.98 0.4
1.981 0.276
1.981 0.352
1.981 0.408
1.982 0.276
1.983 0.276
1.984 0.261
1.985 0.287
1.985 0.313
1.986 0.299
1.986 0.406
1.988 0.255
1.988 0.299
1.99 0.344
1.991 0.344
1.992 0.344
1.993 0.344
1.994 0.298
1.994 0.344
1.994 0.375
1.995 0.344
1.995 0.375
1.996 0.375
1.996 0.393
1.997 0.375
1.998 0.254
1.998 0.375
1.999 0.375
