0.01 0.142
0.011 0.145
0.012 0.147
0.012 0.148
0.013 0.15
0.014 0.152
0.015 0.154
0.015 0.155
0.016 0.156
0.016 0.157
0.017 0.158
0.017 0.159
0.018 0.16
0.019 0.162
0.02 0.129
0.02 0.163
0.02 0.164
0.021 0.165
0.022 0.166
0.022 0.167
0.023 0.168
0.024 0.169
0.024 0.17
0.025 0.171
0.026 0.172
0.026 0.173
0.027 0.137
0.027 0.173
0.027 0.174
0.028 0.138
0.028 0.175
0.029 0.176
0.03 0.177
0.03 0.178
0.031 0.178
0.031 0.179
0.032 0.179
0.032 0.18
0.033 0.18
0.033 0.181
0.034 0.181
0.034 0.182
0.035 0.183
0.036 0.184
0.037 0.185
0.038 0.186
0.039 0.186
0.039 0.187
0.04 0.187
0.04 0.188
0.041 0.188
0.041 0.189
0.042 0.189
0.042 0.19
0.043 0.19
0.043 0.191
0.044 0.191
0.044 0.192
0.045 0.169
0.045 0.192
0.045 0.193
0.046 0.193
0.046 0.194
0.047 0.194
0.048 0.194
0.048 0.195
0.049 0.195
0.049 0.196
0.05 0.196
0.05 0.197
0.051 0.197
0.051 0.198
0.052 0.198
0.053 0.135
0.053 0.198
0.053 0.199
0.054 0.199
0.054 0.2
0.055 0.2
0.055 0.201
0.056 0.2
0.056 0.201
0.057 0.201
0.057 0.202
0.058 0.202
0.058 0.203
0.059 0.203
0.06 0.203
0.06 0.204
0.061 0.204
0.061 0.205
0.062 0.205
0.063 0.205
0.063 0.206
0.064 0.206
0.064 0.207
0.065 0.162
0.065 0.206
0.065 0.207
0.066 0.207
0.066 0.208
0.067 0.208
0.067 0.209
0.068 0.208
0.068 0.209
0.069 0.209
0.069 0.21
0.07 0.21
0.07 0.211
0.071 0.21
0.071 0.211
0.072 0.211
0.072 0.212
0.073 0.211
0.073 0.212
0.074 0.212
0.074 0.213
0.075 0.212
0.075 0.213
0.076 0.203
0.076 0.208
0.076 0.213
0.076 0.214
0.077 0.214
0.077 0.215
0.078 0.214
0.078 0.215
0.079 0.215
0.079 0.216
0.08 0.215
0.08 0.216
0.081 0.216
0.081 0.217
0.082 0.216
0.082 0.217
0.083 0.217
0.083 0.218
0.084 0.217
0.084 0.218
0.085 0.139
0.085 0.218
0.085 0.219
0.086 0.218
0.086 0.219
0.087 0.219
0.087 0.22
0.088 0.219
0.088 0.22
0.089 0.22
0.089 0.221
0.09 0.22
0.09 0.221
0.091 0.221
0.091 0.222
0.092 0.195
0.092 0.221
0.092 0.222
0.093 0.222
0.093 0.223
0.094 0.222
0.094 0.223
0.095 0.223
0.095 0.224
0.096 0.223
0.096 0.224
0.097 0.224
0.097 0.225
0.098 0.224
0.098 0.225
0.099 0.225
0.099 0.226
0.1 0.225
0.1 0.226
0.101 0.225
0.101 0.226
0.101 0.227
0.102 0.226
0.102 0.227
0.103 0.226
0.103 0.227
0.104 0.227
0.104 0.228
0.105 0.145
0.105 0.227
0.105 0.228
0.106 0.228
0.106 0.229
0.107 0.228
0.107 0.229
0.108 0.229
0.108 0.23
0.109 0.188
0.109 0.229
0.109 0.23
0.11 0.229
0.11 0.23
0.111 0.23
0.111 0.231
0.112 0.182
0.112 0.23
0.112 0.231
0.113 0.231
0.113 0.232
0.114 0.231
0.114 0.232
0.115 0.231
0.115 0.232
0.115 0.233
0.116 0.23
0.116 0.232
0.116 0.233
0.117 0.232
0.117 0.233
0.118 0.233
0.118 0.234
0.119 0.233
0.119 0.234
0.12 0.233
0.12 0.234
0.12 0.235
0.121 0.234
0.121 0.235
0.122 0.234
0.122 0.235
0.123 0.235
0.123 0.236
0.124 0.207
0.124 0.235
0.124 0.236
0.125 0.235
0.125 0.236
0.126 0.236
0.126 0.237
0.127 0.236
0.127 0.237
0.128 0.187
0.128 0.236
0.128 0.237
0.128 0.238
0.129 0.237
0.129 0.238
0.13 0.226
0.13 0.237
0.13 0.238
0.131 0.237
0.131 0.238
0.131 0.239
0.132 0.19
0.132 0.238
0.132 0.239
0.133 0.238
0.133 0.239
0.134 0.239
0.134 0.24
0.135 0.189
0.135 0.239
0.135 0.24
0.136 0.163
0.136 0.239
0.136 0.24
0.137 0.24
0.137 0.241
0.138 0.24
0.138 0.241
0.139 0.24
0.139 0.241
0.139 0.242
0.14 0.241
0.14 0.242
0.141 0.241
0.141 0.242
0.142 0.163
0.142 0.241
0.142 0.242
0.142 0.243
0.143 0.242
0.143 0.243
0.144 0.242
0.144 0.243
0.145 0.231
0.145 0.242
0.145 0.243
0.145 0.244
0.146 0.243
0.146 0.244
0.147 0.243
0.147 0.244
0.148 0.243
0.148 0.244
0.148 0.245
0.149 0.244
0.149 0.245
0.15 0.244
0.15 0.245
0.151 0.244
0.151 0.245
0.151 0.246
0.152 0.192
0.152 0.245
0.152 0.246
0.153 0.245
0.153 0.246
0.154 0.245
0.154 0.246
0.154 0.247
0.155 0.246
0.155 0.247
0.156 0.152
0.156 0.193
0.156 0.246
0.156 0.247
0.157 0.217
0.157 0.246
0.157 0.247
0.157 0.248
0.158 0.235
0.158 0.247
0.158 0.248
0.159 0.247
0.159 0.248
0.16 0.203
0.16 0.247
0.16 0.248
0.161 0.247
0.161 0.248
0.161 0.249
0.162 0.196
0.162 0.248
0.162 0.249
0.163 0.248
0.163 0.249
0.164 0.248
0.164 0.249
0.164 0.25
0.165 0.249
0.165 0.25
0.166 0.197
0.166 0.249
0.166 0.25
0.167 0.249
0.167 0.25
0.167 0.251
0.168 0.25
0.168 0.251
0.169 0.25
0.169 0.251
0.17 0.25
0.17 0.251
0.17 0.252
0.171 0.25
0.171 0.251
0.171 0.252
0.172 0.221
0.172 0.251
0.172 0.252
0.173 0.251
0.173 0.252
0.174 0.251
0.174 0.252
0.174 0.253
0.175 0.252
0.175 0.253
0.176 0.222
0.176 0.252
0.176 0.253
0.177 0.252
0.177 0.253
0.177 0.254
0.178 0.252
0.178 0.253
0.178 0.254
0.179 0.2
0.179 0.253
0.179 0.254
0.18 0.223
0.18 0.253
0.18 0.254
0.181 0.253
0.181 0.254
0.181 0.255
0.182 0.254
0.182 0.255
0.183 0.242
0.183 0.254
0.183 0.255
0.184 0.224
0.184 0.254
0.184 0.255
0.184 0.256
0.185 0.254
0.185 0.255
0.185 0.256
0.186 0.255
0.186 0.256
0.187 0.255
0.187 0.256
0.188 0.255
0.188 0.256
0.188 0.257
0.189 0.256
0.189 0.257
0.19 0.247
0.19 0.256
0.19 0.257
0.191 0.256
0.191 0.257
0.192 0.256
0.192 0.257
0.192 0.258
0.193 0.205
0.193 0.257
0.193 0.258
0.194 0.175
0.194 0.257
0.194 0.258
0.195 0.257
0.195 0.258
0.196 0.202
0.196 0.257
0.196 0.258
0.196 0.259
0.197 0.258
0.197 0.259
0.198 0.258
0.198 0.259
0.199 0.258
0.199 0.259
0.199 0.26
0.2 0.258
0.2 0.259
0.2 0.26
0.201 0.259
0.201 0.26
0.202 0.259
0.202 0.26
0.203 0.259
0.203 0.26
0.203 0.261
0.204 0.259
0.204 0.26
0.204 0.261
0.205 0.26
0.205 0.261
0.206 0.19
0.206 0.26
0.206 0.261
0.207 0.26
0.207 0.261
0.207 0.262
0.208 0.26
0.208 0.261
0.208 0.262
0.209 0.261
0.209 0.262
0.21 0.23
0.21 0.261
0.21 0.262
0.211 0.249
0.211 0.261
0.211 0.262
0.211 0.263
0.212 0.261
0.212 0.262
0.212 0.263
0.213 0.262
0.213 0.263
0.214 0.262
0.214 0.263
0.215 0.162
0.215 0.262
0.215 0.263
0.215 0.264
0.216 0.262
0.216 0.263
0.216 0.264
0.217 0.263
0.217 0.264
0.218 0.17
0.218 0.175
0.218 0.263
0.218 0.264
0.219 0.263
0.219 0.264
0.219 0.265
0.22 0.263
0.22 0.264
0.22 0.265
0.221 0.264
0.221 0.265
0.222 0.264
0.222 0.265
0.223 0.264
0.223 0.265
0.223 0.266
0.224 0.252
0.224 0.264
0.224 0.265
0.224 0.266
0.225 0.265
0.225 0.266
0.226 0.265
0.226 0.266
0.227 0.265
0.227 0.266
0.227 0.267
0.228 0.265
0.228 0.266
0.228 0.267
0.229 0.182
0.229 0.234
0.229 0.266
0.229 0.267
0.23 0.266
0.23 0.267
0.231 0.266
0.231 0.267
0.232 0.266
0.232 0.267
0.232 0.268
0.233 0.189
0.233 0.266
0.233 0.267
0.233 0.268
0.234 0.267
0.234 0.268
0.235 0.267
0.235 0.268
0.236 0.267
0.236 0.268
0.236 0.269
0.237 0.267
0.237 0.268
0.237 0.269
0.238 0.173
0.238 0.268
0.238 0.269
0.239 0.268
0.239 0.269
0.24 0.166
0.24 0.268
0.24 0.269
0.24 0.27
0.241 0.268
0.241 0.269
0.241 0.27
0.242 0.268
0.242 0.269
0.242 0.27
0.243 0.269
0.243 0.27
0.244 0.237
0.244 0.269
0.244 0.27
0.245 0.269
0.245 0.27
0.245 0.271
0.246 0.269
0.246 0.27
0.246 0.271
0.247 0.27
0.247 0.271
0.248 0.27
0.248 0.271
0.249 0.27
0.249 0.271
0.25 0.27
0.25 0.271
0.25 0.272
0.251 0.214
0.251 0.27
0.251 0.271
0.251 0.272
0.252 0.175
0.252 0.258
0.252 0.271
0.252 0.272
0.253 0.271
0.253 0.272
0.254 0.271
0.254 0.272
0.254 0.273
0.255 0.271
0.255 0.272
0.255 0.273
0.256 0.271
0.256 0.272
0.256 0.273
0.257 0.215
0.257 0.259
0.257 0.272
0.257 0.273
0.258 0.272
0.258 0.273
0.259 0.272
0.259 0.273
0.259 0.274
0.26 0.272
0.26 0.273
0.26 0.274
0.261 0.273
0.261 0.274
0.262 0.26
0.262 0.273
0.262 0.274
0.263 0.216
0.263 0.273
0.263 0.274
0.264 0.273
0.264 0.274
0.264 0.275
0.265 0.273
0.265 0.274
0.265 0.275
0.266 0.274
0.266 0.275
0.267 0.261
0.267 0.274
0.267 0.275
0.268 0.274
0.268 0.275
0.268 0.276
0.269 0.274
0.269 0.275
0.269 0.276
0.27 0.274
0.27 0.275
0.27 0.276
0.271 0.275
0.271 0.276
0.272 0.275
0.272 0.276
0.273 0.275
0.273 0.276
0.273 0.277
0.274 0.275
0.274 0.276
0.274 0.277
0.275 0.275
0.275 0.276
0.275 0.277
0.276 0.276
0.276 0.277
0.277 0.276
0.277 0.277
0.278 0.276
0.278 0.277
0.278 0.278
0.279 0.276
0.279 0.277
0.279 0.278
0.28 0.276
0.28 0.277
0.28 0.278
0.281 0.277
0.281 0.278
0.282 0.277
0.282 0.278
0.283 0.277
0.283 0.278
0.283 0.279
0.284 0.277
0.284 0.278
0.284 0.279
0.285 0.277
0.285 0.278
0.285 0.279
0.286 0.278
0.286 0.279
0.287 0.278
0.287 0.279
0.288 0.245
0.288 0.278
0.288 0.279
0.288 0.28
0.289 0.278
0.289 0.279
0.289 0.28
0.29 0.233
0.29 0.278
0.29 0.279
0.29 0.28
0.291 0.279
0.291 0.28
0.292 0.279
0.292 0.28
0.293 0.279
0.293 0.28
0.294 0.184
0.294 0.223
0.294 0.246
0.294 0.279
0.294 0.28
0.294 0.281
0.295 0.221
0.295 0.279
0.295 0.28
0.295 0.281
0.296 0.279
0.296 0.28
0.296 0.281
0.297 0.28
0.297 0.281
0.298 0.28
0.298 0.281
0.299 0.28
0.299 0.281
0.299 0.282
0.3 0.247
0.3 0.28
0.3 0.281
0.3 0.282
0.301 0.28
0.301 0.281
0.301 0.282
0.302 0.222
0.302 0.281
0.302 0.282
0.303 0.281
0.303 0.282
0.304 0.281
0.304 0.282
0.304 0.283
0.305 0.281
0.305 0.282
0.305 0.283
0.306 0.281
0.306 0.282
0.306 0.283
0.307 0.282
0.307 0.283
0.308 0.282
0.308 0.283
0.309 0.282
0.309 0.283
0.31 0.282
0.31 0.283
0.31 0.284
0.311 0.282
0.311 0.283
0.311 0.284
0.312 0.282
0.312 0.283
0.312 0.284
0.313 0.283
0.313 0.284
0.314 0.283
0.314 0.284
0.315 0.283
0.315 0.284
0.315 0.285
0.316 0.283
0.316 0.284
0.316 0.285
0.317 0.283
0.317 0.284
0.317 0.285
0.318 0.283
0.318 0.284
0.318 0.285
0.319 0.284
0.319 0.285
0.32 0.284
0.32 0.285
0.321 0.284
0.321 0.285
0.321 0.286
0.322 0.284
0.322 0.285
0.322 0.286
0.323 0.284
0.323 0.285
0.323 0.286
0.324 0.184
0.324 0.285
0.324 0.286
0.325 0.285
0.325 0.286
0.326 0.285
0.326 0.286
0.326 0.287
0.327 0.285
0.327 0.286
0.327 0.287
0.328 0.285
0.328 0.286
0.328 0.287
0.329 0.285
0.329 0.286
0.329 0.287
0.33 0.286
0.33 0.287
0.331 0.286
0.331 0.287
0.332 0.286
0.332 0.287
0.332 0.288
0.333 0.286
0.333 0.287
0.333 0.288
0.334 0.286
0.334 0.287
0.334 0.288
0.335 0.286
0.335 0.287
0.335 0.288
0.336 0.287
0.336 0.288
0.337 0.227
0.337 0.287
0.337 0.288
0.338 0.287
0.338 0.288
0.338 0.289
0.339 0.287
0.339 0.288
0.339 0.289
0.34 0.287
0.34 0.288
0.34 0.289
0.341 0.287
0.341 0.288
0.341 0.289
0.342 0.288
0.342 0.289
0.343 0.288
0.343 0.289
0.344 0.288
0.344 0.289
0.344 0.29
0.345 0.254
0.345 0.288
0.345 0.289
0.345 0.29
0.346 0.288
0.346 0.289
0.346 0.29
0.347 0.237
0.347 0.288
0.347 0.289
0.347 0.29
0.348 0.289
0.348 0.29
0.349 0.289
0.349 0.29
0.35 0.243
0.35 0.289
0.35 0.29
0.35 0.291
0.351 0.289
0.351 0.29
0.351 0.291
0.352 0.289
0.352 0.29
0.352 0.291
0.353 0.289
0.353 0.29
0.353 0.291
0.354 0.29
0.354 0.291
0.355 0.29
0.355 0.291
0.356 0.29
0.356 0.291
0.356 0.292
0.357 0.29
0.357 0.291
0.357 0.292
0.358 0.29
0.358 0.291
0.358 0.292
0.359 0.29
0.359 0.291
0.359 0.292
0.36 0.23
0.36 0.291
0.36 0.292
0.361 0.291
0.361 0.292
0.362 0.291
0.362 0.292
0.362 0.293
0.363 0.291
0.363 0.292
0.363 0.293
0.364 0.291
0.364 0.292
0.364 0.293
0.365 0.291
0.365 0.292
0.365 0.293
0.366 0.278
0.366 0.292
0.366 0.293
0.367 0.292
0.367 0.293
0.368 0.231
0.368 0.292
0.368 0.293
0.368 0.294
0.369 0.292
0.369 0.293
0.369 0.294
0.37 0.292
0.37 0.293
0.37 0.294
0.371 0.292
0.371 0.293
0.371 0.294
0.372 0.293
0.372 0.294
0.373 0.258
0.373 0.293
0.373 0.294
0.374 0.234
0.374 0.293
0.374 0.294
0.374 0.295
0.375 0.293
0.375 0.294
0.375 0.295
0.376 0.232
0.376 0.293
0.376 0.294
0.376 0.295
0.377 0.293
0.377 0.294
0.377 0.295
0.378 0.293
0.378 0.294
0.378 0.295
0.379 0.294
0.379 0.295
0.38 0.294
0.38 0.295
0.381 0.294
0.381 0.295
0.381 0.296
0.382 0.294
0.382 0.295
0.382 0.296
0.383 0.294
0.383 0.295
0.383 0.296
0.384 0.233
0.384 0.294
0.384 0.295
0.384 0.296
0.385 0.295
0.385 0.296
0.386 0.295
0.386 0.296
0.387 0.295
0.387 0.296
0.387 0.297
0.388 0.295
0.388 0.296
0.388 0.297
0.389 0.295
0.389 0.296
0.389 0.297
0.39 0.295
0.39 0.296
0.39 0.297
0.391 0.295
0.391 0.296
0.391 0.297
0.392 0.296
0.392 0.297
0.393 0.296
0.393 0.297
0.394 0.296
0.394 0.297
0.394 0.298
0.395 0.296
0.395 0.297
0.395 0.298
0.396 0.296
0.396 0.297
0.396 0.298
0.397 0.296
0.397 0.297
0.397 0.298
0.398 0.296
0.398 0.297
0.398 0.298
0.399 0.297
0.399 0.298
0.4 0.297
0.4 0.298
0.4 0.299
0.401 0.297
0.401 0.298
0.401 0.299
0.402 0.297
0.402 0.298
0.402 0.299
0.403 0.256
0.403 0.297
0.403 0.298
0.403 0.299
0.404 0.297
0.404 0.298
0.404 0.299
0.405 0.298
0.405 0.299
0.406 0.184
0.406 0.298
0.406 0.299
0.407 0.298
0.407 0.299
0.407 0.3
0.408 0.215
0.408 0.298
0.408 0.299
0.408 0.3
0.409 0.298
0.409 0.299
0.409 0.3
0.41 0.298
0.41 0.299
0.41 0.3
0.411 0.257
0.411 0.298
0.411 0.299
0.411 0.3
0.412 0.299
0.412 0.3
0.413 0.299
0.413 0.3
0.414 0.299
0.414 0.3
0.414 0.301
0.415 0.299
0.415 0.3
0.415 0.301
0.416 0.299
0.416 0.3
0.416 0.301
0.417 0.299
0.417 0.3
0.417 0.301
0.418 0.299
0.418 0.3
0.418 0.301
0.419 0.3
0.419 0.301
0.42 0.3
0.42 0.301
0.421 0.3
0.421 0.301
0.421 0.302
0.422 0.286
0.422 0.3
0.422 0.301
0.422 0.302
0.423 0.3
0.423 0.301
0.423 0.302
0.424 0.3
0.424 0.301
0.424 0.302
0.425 0.3
0.425 0.301
0.425 0.302
0.426 0.301
0.426 0.302
0.427 0.238
0.427 0.301
0.427 0.302
0.428 0.301
0.428 0.302
0.428 0.303
0.429 0.301
0.429 0.302
0.429 0.303
0.43 0.301
0.43 0.302
0.43 0.303
0.431 0.301
0.431 0.302
0.431 0.303
0.432 0.301
0.432 0.302
0.432 0.303
0.433 0.277
0.433 0.302
0.433 0.303
0.434 0.302
0.434 0.303
0.435 0.302
0.435 0.303
0.435 0.304
0.436 0.239
0.436 0.302
0.436 0.303
0.436 0.304
0.437 0.302
0.437 0.303
0.437 0.304
0.438 0.302
0.438 0.303
0.438 0.304
0.439 0.302
0.439 0.303
0.439 0.304
0.44 0.302
0.44 0.303
0.44 0.304
0.441 0.187
0.441 0.303
0.441 0.304
0.442 0.303
0.442 0.304
0.442 0.305
0.443 0.303
0.443 0.304
0.443 0.305
0.444 0.303
0.444 0.304
0.444 0.305
0.445 0.303
0.445 0.304
0.445 0.305
0.446 0.24
0.446 0.303
0.446 0.304
0.446 0.305
0.447 0.303
0.447 0.304
0.447 0.305
0.448 0.304
0.448 0.305
0.449 0.304
0.449 0.305
0.449 0.306
0.45 0.304
0.45 0.305
0.45 0.306
0.451 0.304
0.451 0.305
0.451 0.306
0.452 0.304
0.452 0.305
0.452 0.306
0.453 0.304
0.453 0.305
0.453 0.306
0.454 0.304
0.454 0.305
0.454 0.306
0.455 0.305
0.455 0.306
0.456 0.305
0.456 0.306
0.457 0.305
0.457 0.306
0.457 0.307
0.458 0.305
0.458 0.306
0.458 0.307
0.459 0.305
0.459 0.306
0.459 0.307
0.46 0.291
0.46 0.305
0.46 0.306
0.46 0.307
0.461 0.244
0.461 0.305
0.461 0.306
0.461 0.307
0.462 0.305
0.462 0.306
0.462 0.307
0.463 0.306
0.463 0.307
0.464 0.306
0.464 0.307
0.464 0.308
0.465 0.205
0.465 0.306
0.465 0.307
0.465 0.308
0.466 0.306
0.466 0.307
0.466 0.308
0.467 0.306
0.467 0.307
0.467 0.308
0.468 0.292
0.468 0.306
0.468 0.307
0.468 0.308
0.469 0.306
0.469 0.307
0.469 0.308
0.47 0.306
0.47 0.307
0.47 0.308
0.471 0.307
0.471 0.308
0.472 0.307
0.472 0.308
0.472 0.309
0.473 0.307
0.473 0.308
0.473 0.309
0.474 0.307
0.474 0.308
0.474 0.309
0.475 0.307
0.475 0.308
0.475 0.309
0.476 0.293
0.476 0.307
0.476 0.308
0.476 0.309
0.477 0.271
0.477 0.307
0.477 0.308
0.477 0.309
0.478 0.308
0.478 0.309
0.479 0.308
0.479 0.309
0.479 0.31
0.48 0.308
0.48 0.309
0.48 0.31
0.481 0.308
0.481 0.309
0.481 0.31
0.482 0.308
0.482 0.309
0.482 0.31
0.483 0.308
0.483 0.309
0.483 0.31
0.484 0.308
0.484 0.309
0.484 0.31
0.485 0.308
0.485 0.309
0.485 0.31
0.486 0.272
0.486 0.309
0.486 0.31
0.487 0.309
0.487 0.31
0.487 0.311
0.488 0.309
0.488 0.31
0.488 0.311
0.489 0.309
0.489 0.31
0.489 0.311
0.49 0.193
0.49 0.309
0.49 0.31
0.49 0.311
0.491 0.309
0.491 0.31
0.491 0.311
0.492 0.309
0.492 0.31
0.492 0.311
0.493 0.309
0.493 0.31
0.493 0.311
0.494 0.245
0.494 0.31
0.494 0.311
0.495 0.273
0.495 0.31
0.495 0.311
0.495 0.312
0.496 0.31
0.496 0.311
0.496 0.312
0.497 0.31
0.497 0.311
0.497 0.312
0.498 0.31
0.498 0.311
0.498 0.312
0.499 0.31
0.499 0.311
0.499 0.312
0.5 0.31
0.5 0.311
0.5 0.312
0.501 0.296
0.501 0.31
0.501 0.311
0.501 0.312
0.502 0.311
0.502 0.312
0.503 0.311
0.503 0.312
0.503 0.313
0.504 0.21
0.504 0.246
0.504 0.274
0.504 0.311
0.504 0.312
0.504 0.313
0.505 0.311
0.505 0.312
0.505 0.313
0.506 0.311
0.506 0.312
0.506 0.313
0.507 0.311
0.507 0.312
0.507 0.313
0.508 0.193
0.508 0.311
0.508 0.312
0.508 0.313
0.509 0.311
0.509 0.312
0.509 0.313
0.51 0.302
0.51 0.312
0.51 0.313
0.511 0.312
0.511 0.313
0.511 0.314
0.512 0.312
0.512 0.313
0.512 0.314
0.513 0.193
0.513 0.312
0.513 0.313
0.513 0.314
0.514 0.247
0.514 0.312
0.514 0.313
0.514 0.314
0.515 0.247
0.515 0.312
0.515 0.313
0.515 0.314
0.516 0.211
0.516 0.312
0.516 0.313
0.516 0.314
0.517 0.312
0.517 0.313
0.517 0.314
0.518 0.298
0.518 0.312
0.518 0.313
0.518 0.314
0.519 0.313
0.519 0.314
0.519 0.315
0.52 0.313
0.52 0.314
0.52 0.315
0.521 0.313
0.521 0.314
0.521 0.315
0.522 0.313
0.522 0.314
0.522 0.315
0.523 0.313
0.523 0.314
0.523 0.315
0.524 0.313
0.524 0.314
0.524 0.315
0.525 0.248
0.525 0.313
0.525 0.314
0.525 0.315
0.526 0.313
0.526 0.314
0.526 0.315
0.527 0.299
0.527 0.314
0.527 0.315
0.528 0.212
0.528 0.314
0.528 0.315
0.528 0.316
0.529 0.314
0.529 0.315
0.529 0.316
0.53 0.274
0.53 0.314
0.53 0.315
0.53 0.316
0.531 0.314
0.531 0.315
0.531 0.316
0.532 0.314
0.532 0.315
0.532 0.316
0.533 0.314
0.533 0.315
0.533 0.316
0.534 0.314
0.534 0.315
0.534 0.316
0.535 0.315
0.535 0.316
0.536 0.315
0.536 0.316
0.536 0.317
0.537 0.315
0.537 0.316
0.537 0.317
0.538 0.202
0.538 0.315
0.538 0.316
0.538 0.317
0.539 0.315
0.539 0.316
0.539 0.317
0.54 0.315
0.54 0.316
0.54 0.317
0.541 0.213
0.541 0.315
0.541 0.316
0.541 0.317
0.542 0.278
0.542 0.315
0.542 0.316
0.542 0.317
0.543 0.215
0.543 0.315
0.543 0.316
0.543 0.317
0.544 0.316
0.544 0.317
0.544 0.318
0.545 0.316
0.545 0.317
0.545 0.318
0.546 0.25
0.546 0.256
0.546 0.316
0.546 0.317
0.546 0.318
0.547 0.316
0.547 0.317
0.547 0.318
0.548 0.316
0.548 0.317
0.548 0.318
0.549 0.316
0.549 0.317
0.549 0.318
0.55 0.212
0.55 0.316
0.55 0.317
0.55 0.318
0.551 0.316
0.551 0.317
0.551 0.318
0.552 0.316
0.552 0.317
0.552 0.318
0.553 0.317
0.553 0.318
0.553 0.319
0.554 0.214
0.554 0.302
0.554 0.317
0.554 0.318
0.554 0.319
0.555 0.317
0.555 0.318
0.555 0.319
0.556 0.317
0.556 0.318
0.556 0.319
0.557 0.317
0.557 0.318
0.557 0.319
0.558 0.317
0.558 0.318
0.558 0.319
0.559 0.317
0.559 0.318
0.559 0.319
0.56 0.317
0.56 0.318
0.56 0.319
0.561 0.318
0.561 0.319
0.562 0.318
0.562 0.319
0.562 0.32
0.563 0.303
0.563 0.318
0.563 0.319
0.563 0.32
0.564 0.318
0.564 0.319
0.564 0.32
0.565 0.318
0.565 0.319
0.565 0.32
0.566 0.318
0.566 0.319
0.566 0.32
0.567 0.215
0.567 0.318
0.567 0.319
0.567 0.32
0.568 0.318
0.568 0.319
0.568 0.32
0.569 0.318
0.569 0.319
0.569 0.32
0.57 0.319
0.57 0.32
0.571 0.319
0.571 0.32
0.571 0.321
0.572 0.319
0.572 0.32
0.572 0.321
0.573 0.319
0.573 0.32
0.573 0.321
0.574 0.319
0.574 0.32
0.574 0.321
0.575 0.319
0.575 0.32
0.575 0.321
0.576 0.319
0.576 0.32
0.576 0.321
0.577 0.319
0.577 0.32
0.577 0.321
0.578 0.319
0.578 0.32
0.578 0.321
0.579 0.32
0.579 0.321
0.58 0.253
0.58 0.32
0.58 0.321
0.58 0.322
0.581 0.32
0.581 0.321
0.581 0.322
0.582 0.282
0.582 0.305
0.582 0.32
0.582 0.321
0.582 0.322
0.583 0.32
0.583 0.321
0.583 0.322
0.584 0.263
0.584 0.32
0.584 0.321
0.584 0.322
0.585 0.32
0.585 0.321
0.585 0.322
0.586 0.32
0.586 0.321
0.586 0.322
0.587 0.32
0.587 0.321
0.587 0.322
0.588 0.321
0.588 0.322
0.588 0.323
0.589 0.321
0.589 0.322
0.589 0.323
0.59 0.321
0.59 0.322
0.59 0.323
0.591 0.22
0.591 0.321
0.591 0.322
0.591 0.323
0.592 0.252
0.592 0.254
0.592 0.321
0.592 0.322
0.592 0.323
0.593 0.321
0.593 0.322
0.593 0.323
0.594 0.217
0.594 0.321
0.594 0.322
0.594 0.323
0.595 0.229
0.595 0.321
0.595 0.322
0.595 0.323
0.596 0.321
0.596 0.322
0.596 0.323
0.597 0.321
0.597 0.322
0.597 0.323
0.598 0.322
0.598 0.323
0.598 0.324
0.599 0.322
0.599 0.323
0.599 0.324
0.6 0.322
0.6 0.323
0.6 0.324
0.601 0.322
0.601 0.323
0.601 0.324
0.602 0.322
0.602 0.323
0.602 0.324
0.603 0.255
0.603 0.284
0.603 0.322
0.603 0.323
0.603 0.324
0.604 0.255
0.604 0.322
0.604 0.323
0.604 0.324
0.605 0.322
0.605 0.323
0.605 0.324
0.606 0.322
0.606 0.323
0.606 0.324
0.607 0.323
0.607 0.324
0.607 0.325
0.608 0.323
0.608 0.324
0.608 0.325
0.609 0.323
0.609 0.324
0.609 0.325
0.61 0.323
0.61 0.324
0.61 0.325
0.611 0.308
0.611 0.323
0.611 0.324
0.611 0.325
0.612 0.323
0.612 0.324
0.612 0.325
0.613 0.323
0.613 0.324
0.613 0.325
0.614 0.323
0.614 0.324
0.614 0.325
0.615 0.256
0.615 0.323
0.615 0.324
0.615 0.325
0.616 0.256
0.616 0.323
0.616 0.324
0.616 0.325
0.616 0.326
0.617 0.324
0.617 0.325
0.617 0.326
0.618 0.217
0.618 0.266
0.618 0.324
0.618 0.325
0.618 0.326
0.619 0.324
0.619 0.325
0.619 0.326
0.62 0.324
0.62 0.325
0.62 0.326
0.621 0.209
0.621 0.309
0.621 0.324
0.621 0.325
0.621 0.326
0.622 0.324
0.622 0.325
0.622 0.326
0.623 0.324
0.623 0.325
0.623 0.326
0.624 0.324
0.624 0.325
0.624 0.326
0.625 0.324
0.625 0.325
0.625 0.326
0.626 0.325
0.626 0.326
0.626 0.327
0.627 0.21
0.627 0.257
0.627 0.325
0.627 0.326
0.627 0.327
0.628 0.325
0.628 0.326
0.628 0.327
0.629 0.325
0.629 0.326
0.629 0.327
0.63 0.325
0.63 0.326
0.63 0.327
0.631 0.325
0.631 0.326
0.631 0.327
0.632 0.325
0.632 0.326
0.632 0.327
0.633 0.325
0.633 0.326
0.633 0.327
0.634 0.325
0.634 0.326
0.634 0.327
0.635 0.325
0.635 0.326
0.635 0.327
0.635 0.328
0.636 0.21
0.636 0.326
0.636 0.327
0.636 0.328
0.637 0.326
0.637 0.327
0.637 0.328
0.638 0.326
0.638 0.327
0.638 0.328
0.639 0.326
0.639 0.327
0.639 0.328
0.64 0.326
0.64 0.327
0.64 0.328
0.641 0.326
0.641 0.327
0.641 0.328
0.642 0.326
0.642 0.327
0.642 0.328
0.643 0.326
0.643 0.327
0.643 0.328
0.644 0.326
0.644 0.327
0.644 0.328
0.645 0.326
0.645 0.327
0.645 0.328
0.645 0.329
0.646 0.327
0.646 0.328
0.646 0.329
0.647 0.219
0.647 0.327
0.647 0.328
0.647 0.329
0.648 0.327
0.648 0.328
0.648 0.329
0.649 0.327
0.649 0.328
0.649 0.329
0.65 0.327
0.65 0.328
0.65 0.329
0.651 0.327
0.651 0.328
0.651 0.329
0.652 0.312
0.652 0.327
0.652 0.328
0.652 0.329
0.653 0.327
0.653 0.328
0.653 0.329
0.654 0.327
0.654 0.328
0.654 0.329
0.655 0.327
0.655 0.328
0.655 0.329
0.655 0.33
0.656 0.328
0.656 0.329
0.656 0.33
0.657 0.328
0.657 0.329
0.657 0.33
0.658 0.289
0.658 0.328
0.658 0.329
0.658 0.33
0.659 0.328
0.659 0.329
0.659 0.33
0.66 0.328
0.66 0.329
0.66 0.33
0.661 0.328
0.661 0.329
0.661 0.33
0.662 0.328
0.662 0.329
0.662 0.33
0.663 0.328
0.663 0.329
0.663 0.33
0.664 0.328
0.664 0.329
0.664 0.33
0.665 0.328
0.665 0.329
0.665 0.33
0.665 0.331
0.666 0.329
0.666 0.33
0.666 0.331
0.667 0.329
0.667 0.33
0.667 0.331
0.668 0.222
0.668 0.329
0.668 0.33
0.668 0.331
0.669 0.329
0.669 0.33
0.669 0.331
0.67 0.329
0.67 0.33
0.67 0.331
0.671 0.329
0.671 0.33
0.671 0.331
0.672 0.329
0.672 0.33
0.672 0.331
0.673 0.314
0.673 0.329
0.673 0.33
0.673 0.331
0.674 0.329
0.674 0.33
0.674 0.331
0.675 0.329
0.675 0.33
0.675 0.331
0.675 0.332
0.676 0.33
0.676 0.331
0.676 0.332
0.677 0.33
0.677 0.331
0.677 0.332
0.678 0.33
0.678 0.331
0.678 0.332
0.679 0.33
0.679 0.331
0.679 0.332
0.68 0.33
0.68 0.331
0.68 0.332
0.681 0.291
0.681 0.33
0.681 0.331
0.681 0.332
0.682 0.33
0.682 0.331
0.682 0.332
0.683 0.33
0.683 0.331
0.683 0.332
0.684 0.315
0.684 0.33
0.684 0.331
0.684 0.332
0.685 0.33
0.685 0.331
0.685 0.332
0.685 0.333
0.686 0.331
0.686 0.332
0.686 0.333
0.687 0.331
0.687 0.332
0.687 0.333
0.688 0.331
0.688 0.332
0.688 0.333
0.689 0.331
0.689 0.332
0.689 0.333
0.69 0.331
0.69 0.332
0.69 0.333
0.691 0.262
0.691 0.272
0.691 0.331
0.691 0.332
0.691 0.333
0.692 0.331
0.692 0.332
0.692 0.333
0.693 0.331
0.693 0.332
0.693 0.333
0.694 0.331
0.694 0.332
0.694 0.333
0.695 0.331
0.695 0.332
0.695 0.333
0.696 0.331
0.696 0.332
0.696 0.333
0.696 0.334
0.697 0.332
0.697 0.333
0.697 0.334
0.698 0.332
0.698 0.333
0.698 0.334
0.699 0.332
0.699 0.333
0.699 0.334
0.7 0.332
0.7 0.333
0.7 0.334
0.701 0.332
0.701 0.333
0.701 0.334
0.702 0.332
0.702 0.333
0.702 0.334
0.703 0.332
0.703 0.333
0.703 0.334
0.704 0.263
0.704 0.332
0.704 0.333
0.704 0.334
0.705 0.332
0.705 0.333
0.705 0.334
0.706 0.317
0.706 0.332
0.706 0.333
0.706 0.334
0.706 0.335
0.707 0.333
0.707 0.334
0.707 0.335
0.708 0.333
0.708 0.334
0.708 0.335
0.709 0.333
0.709 0.334
0.709 0.335
0.71 0.266
0.71 0.333
0.71 0.334
0.71 0.335
0.711 0.333
0.711 0.334
0.711 0.335
0.712 0.333
0.712 0.334
0.712 0.335
0.713 0.333
0.713 0.334
0.713 0.335
0.714 0.333
0.714 0.334
0.714 0.335
0.715 0.333
0.715 0.334
0.715 0.335
0.716 0.333
0.716 0.334
0.716 0.335
0.717 0.264
0.717 0.294
0.717 0.318
0.717 0.333
0.717 0.334
0.717 0.335
0.717 0.336
0.718 0.264
0.718 0.334
0.718 0.335
0.718 0.336
0.719 0.334
0.719 0.335
0.719 0.336
0.72 0.334
0.72 0.335
0.72 0.336
0.721 0.334
0.721 0.335
0.721 0.336
0.722 0.334
0.722 0.335
0.722 0.336
0.723 0.334
0.723 0.335
0.723 0.336
0.724 0.334
0.724 0.335
0.724 0.336
0.725 0.334
0.725 0.335
0.725 0.336
0.726 0.334
0.726 0.335
0.726 0.336
0.727 0.334
0.727 0.335
0.727 0.336
0.727 0.337
0.728 0.334
0.728 0.335
0.728 0.336
0.728 0.337
0.729 0.295
0.729 0.335
0.729 0.336
0.729 0.337
0.73 0.335
0.73 0.336
0.73 0.337
0.731 0.265
0.731 0.335
0.731 0.336
0.731 0.337
0.732 0.335
0.732 0.336
0.732 0.337
0.733 0.263
0.733 0.335
0.733 0.336
0.733 0.337
0.734 0.335
0.734 0.336
0.734 0.337
0.735 0.335
0.735 0.336
0.735 0.337
0.736 0.335
0.736 0.336
0.736 0.337
0.737 0.268
0.737 0.335
0.737 0.336
0.737 0.337
0.738 0.335
0.738 0.336
0.738 0.337
0.738 0.338
0.739 0.335
0.739 0.336
0.739 0.337
0.739 0.338
0.74 0.32
0.74 0.336
0.74 0.337
0.74 0.338
0.741 0.336
0.741 0.337
0.741 0.338
0.742 0.336
0.742 0.337
0.742 0.338
0.743 0.336
0.743 0.337
0.743 0.338
0.744 0.336
0.744 0.337
0.744 0.338
0.745 0.336
0.745 0.337
0.745 0.338
0.746 0.336
0.746 0.337
0.746 0.338
0.747 0.212
0.747 0.264
0.747 0.336
0.747 0.337
0.747 0.338
0.748 0.336
0.748 0.337
0.748 0.338
0.749 0.336
0.749 0.337
0.749 0.338
0.749 0.339
0.75 0.336
0.75 0.337
0.75 0.338
0.75 0.339
0.751 0.337
0.751 0.338
0.751 0.339
0.752 0.208
0.752 0.337
0.752 0.338
0.752 0.339
0.753 0.337
0.753 0.338
0.753 0.339
0.754 0.213
0.754 0.297
0.754 0.337
0.754 0.338
0.754 0.339
0.755 0.337
0.755 0.338
0.755 0.339
0.756 0.337
0.756 0.338
0.756 0.339
0.757 0.337
0.757 0.338
0.757 0.339
0.758 0.337
0.758 0.338
0.758 0.339
0.759 0.337
0.759 0.338
0.759 0.339
0.76 0.337
0.76 0.338
0.76 0.339
0.76 0.34
0.761 0.337
0.761 0.338
0.761 0.339
0.761 0.34
0.762 0.338
0.762 0.339
0.762 0.34
0.763 0.322
0.763 0.338
0.763 0.339
0.763 0.34
0.764 0.338
0.764 0.339
0.764 0.34
0.765 0.27
0.765 0.338
0.765 0.339
0.765 0.34
0.766 0.338
0.766 0.339
0.766 0.34
0.767 0.298
0.767 0.338
0.767 0.339
0.767 0.34
0.768 0.338
0.768 0.339
0.768 0.34
0.769 0.338
0.769 0.339
0.769 0.34
0.77 0.338
0.77 0.339
0.77 0.34
0.771 0.338
0.771 0.339
0.771 0.34
0.772 0.338
0.772 0.339
0.772 0.34
0.772 0.341
0.773 0.268
0.773 0.339
0.773 0.34
0.773 0.341
0.774 0.339
0.774 0.34
0.774 0.341
0.775 0.323
0.775 0.339
0.775 0.34
0.775 0.341
0.776 0.339
0.776 0.34
0.776 0.341
0.777 0.339
0.777 0.34
0.777 0.341
0.778 0.339
0.778 0.34
0.778 0.341
0.779 0.339
0.779 0.34
0.779 0.341
0.78 0.299
0.78 0.339
0.78 0.34
0.78 0.341
0.781 0.339
0.781 0.34
0.781 0.341
0.782 0.339
0.782 0.34
0.782 0.341
0.783 0.339
0.783 0.34
0.783 0.341
0.783 0.342
0.784 0.339
0.784 0.34
0.784 0.341
0.784 0.342
0.785 0.34
0.785 0.341
0.785 0.342
0.786 0.34
0.786 0.341
0.786 0.342
0.787 0.324
0.787 0.34
0.787 0.341
0.787 0.342
0.788 0.269
0.788 0.34
0.788 0.341
0.788 0.342
0.789 0.21
0.789 0.34
0.789 0.341
0.789 0.342
0.79 0.34
0.79 0.341
0.79 0.342
0.791 0.34
0.791 0.341
0.791 0.342
0.792 0.34
0.792 0.341
0.792 0.342
0.793 0.3
0.793 0.34
0.793 0.341
0.793 0.342
0.794 0.22
0.794 0.34
0.794 0.341
0.794 0.342
0.795 0.34
0.795 0.341
0.795 0.342
0.795 0.343
0.796 0.34
0.796 0.341
0.796 0.342
0.796 0.343
0.797 0.341
0.797 0.342
0.797 0.343
0.798 0.341
0.798 0.342
0.798 0.343
0.799 0.341
0.799 0.342
0.799 0.343
0.8 0.341
0.8 0.342
0.8 0.343
0.801 0.341
0.801 0.342
0.801 0.343
0.802 0.341
0.802 0.342
0.802 0.343
0.803 0.27
0.803 0.341
0.803 0.342
0.803 0.343
0.804 0.341
0.804 0.342
0.804 0.343
0.805 0.341
0.805 0.342
0.805 0.343
0.806 0.341
0.806 0.342
0.806 0.343
0.806 0.344
0.807 0.341
0.807 0.342
0.807 0.343
0.807 0.344
0.808 0.342
0.808 0.343
0.808 0.344
0.809 0.342
0.809 0.343
0.809 0.344
0.81 0.342
0.81 0.343
0.81 0.344
0.811 0.342
0.811 0.343
0.811 0.344
0.812 0.326
0.812 0.342
0.812 0.343
0.812 0.344
0.813 0.338
0.813 0.342
0.813 0.343
0.813 0.344
0.814 0.342
0.814 0.343
0.814 0.344
0.815 0.342
0.815 0.343
0.815 0.344
0.816 0.342
0.816 0.343
0.816 0.344
0.817 0.342
0.817 0.343
0.817 0.344
0.818 0.271
0.818 0.342
0.818 0.343
0.818 0.344
0.818 0.345
0.819 0.342
0.819 0.343
0.819 0.344
0.819 0.345
0.82 0.302
0.82 0.343
0.82 0.344
0.82 0.345
0.821 0.343
0.821 0.344
0.821 0.345
0.822 0.343
0.822 0.344
0.822 0.345
0.823 0.343
0.823 0.344
0.823 0.345
0.824 0.343
0.824 0.344
0.824 0.345
0.825 0.343
0.825 0.344
0.825 0.345
0.826 0.343
0.826 0.344
0.826 0.345
0.827 0.212
0.827 0.343
0.827 0.344
0.827 0.345
0.828 0.343
0.828 0.344
0.828 0.345
0.829 0.343
0.829 0.344
0.829 0.345
0.83 0.343
0.83 0.344
0.83 0.345
0.83 0.346
0.831 0.343
0.831 0.344
0.831 0.345
0.831 0.346
0.832 0.344
0.832 0.345
0.832 0.346
0.833 0.272
0.833 0.344
0.833 0.345
0.833 0.346
0.834 0.272
0.834 0.344
0.834 0.345
0.834 0.346
0.835 0.344
0.835 0.345
0.835 0.346
0.836 0.344
0.836 0.345
0.836 0.346
0.837 0.328
0.837 0.344
0.837 0.345
0.837 0.346
0.838 0.344
0.838 0.345
0.838 0.346
0.839 0.344
0.839 0.345
0.839 0.346
0.84 0.344
0.84 0.345
0.84 0.346
0.841 0.344
0.841 0.345
0.841 0.346
0.842 0.344
0.842 0.345
0.842 0.346
0.842 0.347
0.843 0.344
0.843 0.345
0.843 0.346
0.843 0.347
0.844 0.344
0.844 0.345
0.844 0.346
0.844 0.347
0.845 0.345
0.845 0.346
0.845 0.347
0.846 0.242
0.846 0.345
0.846 0.346
0.846 0.347
0.847 0.345
0.847 0.346
0.847 0.347
0.848 0.273
0.848 0.345
0.848 0.346
0.848 0.347
0.849 0.273
0.849 0.345
0.849 0.346
0.849 0.347
0.85 0.329
0.85 0.345
0.85 0.346
0.85 0.347
0.851 0.345
0.851 0.346
0.851 0.347
0.852 0.345
0.852 0.346
0.852 0.347
0.853 0.345
0.853 0.346
0.853 0.347
0.854 0.345
0.854 0.346
0.854 0.347
0.854 0.348
0.855 0.345
0.855 0.346
0.855 0.347
0.855 0.348
0.856 0.345
0.856 0.346
0.856 0.347
0.856 0.348
0.857 0.346
0.857 0.347
0.857 0.348
0.858 0.346
0.858 0.347
0.858 0.348
0.859 0.346
0.859 0.347
0.859 0.348
0.86 0.346
0.86 0.347
0.86 0.348
0.861 0.346
0.861 0.347
0.861 0.348
0.862 0.346
0.862 0.347
0.862 0.348
0.863 0.33
0.863 0.346
0.863 0.347
0.863 0.348
0.864 0.346
0.864 0.347
0.864 0.348
0.865 0.346
0.865 0.347
0.865 0.348
0.866 0.346
0.866 0.347
0.866 0.348
0.867 0.224
0.867 0.346
0.867 0.347
0.867 0.348
0.867 0.349
0.868 0.346
0.868 0.347
0.868 0.348
0.868 0.349
0.869 0.347
0.869 0.348
0.869 0.349
0.87 0.347
0.87 0.348
0.87 0.349
0.871 0.347
0.871 0.348
0.871 0.349
0.872 0.347
0.872 0.348
0.872 0.349
0.873 0.347
0.873 0.348
0.873 0.349
0.874 0.347
0.874 0.348
0.874 0.349
0.875 0.347
0.875 0.348
0.875 0.349
0.876 0.331
0.876 0.347
0.876 0.348
0.876 0.349
0.877 0.347
0.877 0.348
0.877 0.349
0.878 0.347
0.878 0.348
0.878 0.349
0.879 0.347
0.879 0.348
0.879 0.349
0.879 0.35
0.88 0.347
0.88 0.348
0.88 0.349
0.88 0.35
0.881 0.347
0.881 0.348
0.881 0.349
0.881 0.35
0.882 0.233
0.882 0.291
0.882 0.348
0.882 0.349
0.882 0.35
0.883 0.348
0.883 0.349
0.883 0.35
0.884 0.225
0.884 0.348
0.884 0.349
0.884 0.35
0.885 0.348
0.885 0.349
0.885 0.35
0.886 0.348
0.886 0.349
0.886 0.35
0.887 0.264
0.887 0.348
0.887 0.349
0.887 0.35
0.888 0.286
0.888 0.348
0.888 0.349
0.888 0.35
0.889 0.348
0.889 0.349
0.889 0.35
0.89 0.307
0.89 0.348
0.89 0.349
0.89 0.35
0.891 0.348
0.891 0.349
0.891 0.35
0.892 0.348
0.892 0.349
0.892 0.35
0.892 0.351
0.893 0.348
0.893 0.349
0.893 0.35
0.893 0.351
0.894 0.348
0.894 0.349
0.894 0.35
0.894 0.351
0.895 0.349
0.895 0.35
0.895 0.351
0.896 0.349
0.896 0.35
0.896 0.351
0.897 0.349
0.897 0.35
0.897 0.351
0.898 0.349
0.898 0.35
0.898 0.351
0.899 0.349
0.899 0.35
0.899 0.351
0.9 0.349
0.9 0.35
0.9 0.351
0.901 0.349
0.901 0.35
0.901 0.351
0.902 0.349
0.902 0.35
0.902 0.351
0.903 0.333
0.903 0.349
0.903 0.35
0.903 0.351
0.904 0.349
0.904 0.35
0.904 0.351
0.904 0.352
0.905 0.349
0.905 0.35
0.905 0.351
0.905 0.352
0.906 0.349
0.906 0.35
0.906 0.351
0.906 0.352
0.907 0.349
0.907 0.35
0.907 0.351
0.907 0.352
0.908 0.35
0.908 0.351
0.908 0.352
0.909 0.339
0.909 0.35
0.909 0.351
0.909 0.352
0.91 0.35
0.91 0.351
0.91 0.352
0.911 0.35
0.911 0.351
0.911 0.352
0.912 0.277
0.912 0.35
0.912 0.351
0.912 0.352
0.913 0.35
0.913 0.351
0.913 0.352
0.914 0.35
0.914 0.351
0.914 0.352
0.915 0.35
0.915 0.351
0.915 0.352
0.916 0.35
0.916 0.351
0.916 0.352
0.917 0.35
0.917 0.351
0.917 0.352
0.917 0.353
0.918 0.35
0.918 0.351
0.918 0.352
0.918 0.353
0.919 0.35
0.919 0.351
0.919 0.352
0.919 0.353
0.92 0.35
0.92 0.351
0.92 0.352
0.92 0.353
0.921 0.351
0.921 0.352
0.921 0.353
0.922 0.351
0.922 0.352
0.922 0.353
0.923 0.351
0.923 0.352
0.923 0.353
0.924 0.351
0.924 0.352
0.924 0.353
0.925 0.351
0.925 0.352
0.925 0.353
0.926 0.351
0.926 0.352
0.926 0.353
0.927 0.351
0.927 0.352
0.927 0.353
0.928 0.351
0.928 0.352
0.928 0.353
0.929 0.278
0.929 0.351
0.929 0.352
0.929 0.353
0.93 0.335
0.93 0.351
0.93 0.352
0.93 0.353
0.93 0.354
0.931 0.351
0.931 0.352
0.931 0.353
0.931 0.354
0.932 0.351
0.932 0.352
0.932 0.353
0.932 0.354
0.933 0.276
0.933 0.351
0.933 0.352
0.933 0.353
0.933 0.354
0.934 0.281
0.934 0.31
0.934 0.352
0.934 0.353
0.934 0.354
0.935 0.352
0.935 0.353
0.935 0.354
0.936 0.352
0.936 0.353
0.936 0.354
0.937 0.352
0.937 0.353
0.937 0.354
0.938 0.352
0.938 0.353
0.938 0.354
0.939 0.352
0.939 0.353
0.939 0.354
0.94 0.352
0.94 0.353
0.94 0.354
0.941 0.352
0.941 0.353
0.941 0.354
0.942 0.258
0.942 0.352
0.942 0.353
0.942 0.354
0.943 0.352
0.943 0.353
0.943 0.354
0.943 0.355
0.944 0.256
0.944 0.336
0.944 0.352
0.944 0.353
0.944 0.354
0.944 0.355
0.945 0.352
0.945 0.353
0.945 0.354
0.945 0.355
0.946 0.279
0.946 0.352
0.946 0.353
0.946 0.354
0.946 0.355
0.947 0.279
0.947 0.353
0.947 0.354
0.947 0.355
0.948 0.353
0.948 0.354
0.948 0.355
0.949 0.353
0.949 0.354
0.949 0.355
0.95 0.277
0.95 0.353
0.95 0.354
0.95 0.355
0.951 0.353
0.951 0.354
0.951 0.355
0.952 0.353
0.952 0.354
0.952 0.355
0.953 0.353
0.953 0.354
0.953 0.355
0.954 0.353
0.954 0.354
0.954 0.355
0.955 0.353
0.955 0.354
0.955 0.355
0.956 0.353
0.956 0.354
0.956 0.355
0.957 0.353
0.957 0.354
0.957 0.355
0.957 0.356
0.958 0.259
0.958 0.353
0.958 0.354
0.958 0.355
0.958 0.356
0.959 0.259
0.959 0.353
0.959 0.354
0.959 0.355
0.959 0.356
0.96 0.259
0.96 0.353
0.96 0.354
0.96 0.355
0.96 0.356
0.961 0.259
0.961 0.354
0.961 0.355
0.961 0.356
0.962 0.354
0.962 0.355
0.962 0.356
0.963 0.28
0.963 0.354
0.963 0.355
0.963 0.356
0.964 0.28
0.964 0.354
0.964 0.355
0.964 0.356
0.965 0.312
0.965 0.354
0.965 0.355
0.965 0.356
0.966 0.354
0.966 0.355
0.966 0.356
0.967 0.229
0.967 0.354
0.967 0.355
0.967 0.356
0.968 0.354
0.968 0.355
0.968 0.356
0.969 0.354
0.969 0.355
0.969 0.356
0.97 0.354
0.97 0.355
0.97 0.356
0.971 0.354
0.971 0.355
0.971 0.356
0.971 0.357
0.972 0.354
0.972 0.355
0.972 0.356
0.972 0.357
0.973 0.354
0.973 0.355
0.973 0.356
0.973 0.357
0.974 0.354
0.974 0.355
0.974 0.356
0.974 0.357
0.975 0.355
0.975 0.356
0.975 0.357
0.976 0.355
0.976 0.356
0.976 0.357
0.977 0.355
0.977 0.356
0.977 0.357
0.978 0.26
0.978 0.355
0.978 0.356
0.978 0.357
0.979 0.26
0.979 0.355
0.979 0.356
0.979 0.357
0.98 0.26
0.98 0.281
0.98 0.355
0.98 0.356
0.98 0.357
0.981 0.281
0.981 0.355
0.981 0.356
0.981 0.357
0.982 0.355
0.982 0.356
0.982 0.357
0.983 0.355
0.983 0.356
0.983 0.357
0.984 0.355
0.984 0.356
0.984 0.357
0.984 0.358
0.985 0.284
0.985 0.355
0.985 0.356
0.985 0.357
0.985 0.358
0.986 0.355
0.986 0.356
0.986 0.357
0.986 0.358
0.987 0.339
0.987 0.355
0.987 0.356
0.987 0.357
0.987 0.358
0.988 0.356
0.988 0.357
0.988 0.358
0.989 0.356
0.989 0.357
0.989 0.358
0.99 0.356
0.99 0.357
0.99 0.358
0.991 0.356
0.991 0.357
0.991 0.358
0.992 0.356
0.992 0.357
0.992 0.358
0.993 0.356
0.993 0.357
0.993 0.358
0.994 0.356
0.994 0.357
0.994 0.358
0.995 0.356
0.995 0.357
0.995 0.358
0.996 0.314
0.996 0.356
0.996 0.357
0.996 0.358
0.997 0.356
0.997 0.357
0.997 0.358
0.998 0.261
0.998 0.356
0.998 0.357
0.998 0.358
0.998 0.359
0.999 0.261
0.999 0.356
0.999 0.357
0.999 0.358
0.999 0.359
1.0 0.356
1.0 0.357
1.0 0.358
1.0 0.359
1.001 0.356
1.001 0.357
1.001 0.358
1.001 0.359
1.002 0.34
1.002 0.357
1.002 0.358
1.002 0.359
1.003 0.357
1.003 0.358
1.003 0.359
1.004 0.357
1.004 0.358
1.004 0.359
1.005 0.357
1.005 0.358
1.005 0.359
1.006 0.357
1.006 0.358
1.006 0.359
1.007 0.357
1.007 0.358
1.007 0.359
1.008 0.357
1.008 0.358
1.008 0.359
1.009 0.357
1.009 0.358
1.009 0.359
1.01 0.357
1.01 0.358
1.01 0.359
1.011 0.271
1.011 0.357
1.011 0.358
1.011 0.359
1.012 0.315
1.012 0.357
1.012 0.358
1.012 0.359
1.012 0.36
1.013 0.357
1.013 0.358
1.013 0.359
1.013 0.36
1.014 0.357
1.014 0.358
1.014 0.359
1.014 0.36
1.015 0.357
1.015 0.358
1.015 0.359
1.015 0.36
1.016 0.357
1.016 0.358
1.016 0.359
1.016 0.36
1.017 0.358
1.017 0.359
1.017 0.36
1.018 0.262
1.018 0.358
1.018 0.359
1.018 0.36
1.019 0.29
1.019 0.358
1.019 0.359
1.019 0.36
1.02 0.286
1.02 0.358
1.02 0.359
1.02 0.36
1.021 0.358
1.021 0.359
1.021 0.36
1.022 0.358
1.022 0.359
1.022 0.36
1.023 0.358
1.023 0.359
1.023 0.36
1.024 0.358
1.024 0.359
1.024 0.36
1.025 0.358
1.025 0.359
1.025 0.36
1.026 0.358
1.026 0.359
1.026 0.36
1.026 0.361
1.027 0.358
1.027 0.359
1.027 0.36
1.027 0.361
1.028 0.26
1.028 0.316
1.028 0.358
1.028 0.359
1.028 0.36
1.028 0.361
1.029 0.358
1.029 0.359
1.029 0.36
1.029 0.361
1.03 0.358
1.03 0.359
1.03 0.36
1.03 0.361
1.031 0.359
1.031 0.36
1.031 0.361
1.032 0.232
1.032 0.359
1.032 0.36
1.032 0.361
1.033 0.359
1.033 0.36
1.033 0.361
1.034 0.359
1.034 0.36
1.034 0.361
1.035 0.359
1.035 0.36
1.035 0.361
1.036 0.359
1.036 0.36
1.036 0.361
1.037 0.359
1.037 0.36
1.037 0.361
1.038 0.287
1.038 0.359
1.038 0.36
1.038 0.361
1.039 0.359
1.039 0.36
1.039 0.361
1.04 0.359
1.04 0.36
1.04 0.361
1.04 0.362
1.041 0.359
1.041 0.36
1.041 0.361
1.041 0.362
1.042 0.359
1.042 0.36
1.042 0.361
1.042 0.362
1.043 0.359
1.043 0.36
1.043 0.361
1.043 0.362
1.044 0.359
1.044 0.36
1.044 0.361
1.044 0.362
1.045 0.36
1.045 0.361
1.045 0.362
1.046 0.36
1.046 0.361
1.046 0.362
1.047 0.343
1.047 0.36
1.047 0.361
1.047 0.362
1.048 0.36
1.048 0.361
1.048 0.362
1.049 0.36
1.049 0.361
1.049 0.362
1.05 0.36
1.05 0.361
1.05 0.362
1.051 0.36
1.051 0.361
1.051 0.362
1.052 0.36
1.052 0.361
1.052 0.362
1.053 0.36
1.053 0.361
1.053 0.362
1.054 0.36
1.054 0.361
1.054 0.362
1.055 0.36
1.055 0.361
1.055 0.362
1.055 0.363
1.056 0.36
1.056 0.361
1.056 0.362
1.056 0.363
1.057 0.36
1.057 0.361
1.057 0.362
1.057 0.363
1.058 0.36
1.058 0.361
1.058 0.362
1.058 0.363
1.059 0.36
1.059 0.361
1.059 0.362
1.059 0.363
1.06 0.361
1.06 0.362
1.06 0.363
1.061 0.318
1.061 0.361
1.061 0.362
1.061 0.363
1.062 0.344
1.062 0.361
1.062 0.362
1.062 0.363
1.063 0.264
1.063 0.361
1.063 0.362
1.063 0.363
1.064 0.361
1.064 0.362
1.064 0.363
1.065 0.361
1.065 0.362
1.065 0.363
1.066 0.242
1.066 0.361
1.066 0.362
1.066 0.363
1.067 0.361
1.067 0.362
1.067 0.363
1.068 0.361
1.068 0.362
1.068 0.363
1.069 0.361
1.069 0.362
1.069 0.363
1.069 0.364
1.07 0.286
1.07 0.361
1.07 0.362
1.07 0.363
1.07 0.364
1.071 0.286
1.071 0.361
1.071 0.362
1.071 0.363
1.071 0.364
1.072 0.361
1.072 0.362
1.072 0.363
1.072 0.364
1.073 0.361
1.073 0.362
1.073 0.363
1.073 0.364
1.074 0.361
1.074 0.362
1.074 0.363
1.074 0.364
1.075 0.362
1.075 0.363
1.075 0.364
1.076 0.362
1.076 0.363
1.076 0.364
1.077 0.362
1.077 0.363
1.077 0.364
1.078 0.319
1.078 0.362
1.078 0.363
1.078 0.364
1.079 0.362
1.079 0.363
1.079 0.364
1.08 0.362
1.08 0.363
1.08 0.364
1.081 0.362
1.081 0.363
1.081 0.364
1.082 0.362
1.082 0.363
1.082 0.364
1.083 0.229
1.083 0.362
1.083 0.363
1.083 0.364
1.084 0.362
1.084 0.363
1.084 0.364
1.084 0.365
1.085 0.362
1.085 0.363
1.085 0.364
1.085 0.365
1.086 0.362
1.086 0.363
1.086 0.364
1.086 0.365
1.087 0.362
1.087 0.363
1.087 0.364
1.087 0.365
1.088 0.362
1.088 0.363
1.088 0.364
1.088 0.365
1.089 0.287
1.089 0.362
1.089 0.363
1.089 0.364
1.089 0.365
1.09 0.287
1.09 0.363
1.09 0.364
1.09 0.365
1.091 0.363
1.091 0.364
1.091 0.365
1.092 0.363
1.092 0.364
1.092 0.365
1.093 0.346
1.093 0.363
1.093 0.364
1.093 0.365
1.094 0.363
1.094 0.364
1.094 0.365
1.095 0.32
1.095 0.363
1.095 0.364
1.095 0.365
1.096 0.363
1.096 0.364
1.096 0.365
1.097 0.363
1.097 0.364
1.097 0.365
1.098 0.363
1.098 0.364
1.098 0.365
1.099 0.363
1.099 0.364
1.099 0.365
1.099 0.366
1.1 0.363
1.1 0.364
1.1 0.365
1.1 0.366
1.101 0.363
1.101 0.364
1.101 0.365
1.101 0.366
1.102 0.363
1.102 0.364
1.102 0.365
1.102 0.366
1.103 0.363
1.103 0.364
1.103 0.365
1.103 0.366
1.104 0.363
1.104 0.364
1.104 0.365
1.104 0.366
1.105 0.364
1.105 0.365
1.105 0.366
1.106 0.364
1.106 0.365
1.106 0.366
1.107 0.23
1.107 0.364
1.107 0.365
1.107 0.366
1.108 0.288
1.108 0.364
1.108 0.365
1.108 0.366
1.109 0.288
1.109 0.299
1.109 0.347
1.109 0.364
1.109 0.365
1.109 0.366
1.11 0.288
1.11 0.364
1.11 0.365
1.11 0.366
1.111 0.364
1.111 0.365
1.111 0.366
1.112 0.321
1.112 0.364
1.112 0.365
1.112 0.366
1.113 0.364
1.113 0.365
1.113 0.366
1.114 0.364
1.114 0.365
1.114 0.366
1.114 0.367
1.115 0.364
1.115 0.365
1.115 0.366
1.115 0.367
1.116 0.364
1.116 0.365
1.116 0.366
1.116 0.367
1.117 0.364
1.117 0.365
1.117 0.366
1.117 0.367
1.118 0.364
1.118 0.365
1.118 0.366
1.118 0.367
1.119 0.364
1.119 0.365
1.119 0.366
1.119 0.367
1.12 0.365
1.12 0.366
1.12 0.367
1.121 0.365
1.121 0.366
1.121 0.367
1.122 0.365
1.122 0.366
1.122 0.367
1.123 0.365
1.123 0.366
1.123 0.367
1.124 0.365
1.124 0.366
1.124 0.367
1.125 0.348
1.125 0.365
1.125 0.366
1.125 0.367
1.126 0.365
1.126 0.366
1.126 0.367
1.127 0.365
1.127 0.366
1.127 0.367
1.128 0.277
1.128 0.289
1.128 0.365
1.128 0.366
1.128 0.367
1.129 0.239
1.129 0.289
1.129 0.365
1.129 0.366
1.129 0.367
1.129 0.368
1.13 0.365
1.13 0.366
1.13 0.367
1.13 0.368
1.131 0.365
1.131 0.366
1.131 0.367
1.131 0.368
1.132 0.365
1.132 0.366
1.132 0.367
1.132 0.368
1.133 0.365
1.133 0.366
1.133 0.367
1.133 0.368
1.134 0.226
1.134 0.365
1.134 0.366
1.134 0.367
1.134 0.368
1.135 0.365
1.135 0.366
1.135 0.367
1.135 0.368
1.136 0.366
1.136 0.367
1.136 0.368
1.137 0.366
1.137 0.367
1.137 0.368
1.138 0.366
1.138 0.367
1.138 0.368
1.139 0.366
1.139 0.367
1.139 0.368
1.14 0.366
1.14 0.367
1.14 0.368
1.141 0.366
1.141 0.367
1.141 0.368
1.142 0.366
1.142 0.367
1.142 0.368
1.143 0.366
1.143 0.367
1.143 0.368
1.144 0.366
1.144 0.367
1.144 0.368
1.145 0.366
1.145 0.367
1.145 0.368
1.145 0.369
1.146 0.366
1.146 0.367
1.146 0.368
1.146 0.369
1.147 0.29
1.147 0.323
1.147 0.366
1.147 0.367
1.147 0.368
1.147 0.369
1.148 0.366
1.148 0.367
1.148 0.368
1.148 0.369
1.149 0.366
1.149 0.367
1.149 0.368
1.149 0.369
1.15 0.229
1.15 0.366
1.15 0.367
1.15 0.368
1.15 0.369
1.151 0.367
1.151 0.368
1.151 0.369
1.152 0.367
1.152 0.368
1.152 0.369
1.153 0.367
1.153 0.368
1.153 0.369
1.154 0.367
1.154 0.368
1.154 0.369
1.155 0.367
1.155 0.368
1.155 0.369
1.156 0.367
1.156 0.368
1.156 0.369
1.157 0.367
1.157 0.368
1.157 0.369
1.158 0.35
1.158 0.367
1.158 0.368
1.158 0.369
1.159 0.367
1.159 0.368
1.159 0.369
1.16 0.367
1.16 0.368
1.16 0.369
1.16 0.37
1.161 0.367
1.161 0.368
1.161 0.369
1.161 0.37
1.162 0.367
1.162 0.368
1.162 0.369
1.162 0.37
1.163 0.367
1.163 0.368
1.163 0.369
1.163 0.37
1.164 0.367
1.164 0.368
1.164 0.369
1.164 0.37
1.165 0.324
1.165 0.367
1.165 0.368
1.165 0.369
1.165 0.37
1.166 0.367
1.166 0.368
1.166 0.369
1.166 0.37
1.167 0.368
1.167 0.369
1.167 0.37
1.168 0.368
1.168 0.369
1.168 0.37
1.169 0.368
1.169 0.369
1.169 0.37
1.17 0.368
1.17 0.369
1.17 0.37
1.171 0.294
1.171 0.368
1.171 0.369
1.171 0.37
1.172 0.238
1.172 0.368
1.172 0.369
1.172 0.37
1.173 0.368
1.173 0.369
1.173 0.37
1.174 0.368
1.174 0.369
1.174 0.37
1.175 0.351
1.175 0.368
1.175 0.369
1.175 0.37
1.176 0.228
1.176 0.368
1.176 0.369
1.176 0.37
1.176 0.371
1.177 0.368
1.177 0.369
1.177 0.37
1.177 0.371
1.178 0.368
1.178 0.369
1.178 0.37
1.178 0.371
1.179 0.368
1.179 0.369
1.179 0.37
1.179 0.371
1.18 0.368
1.18 0.369
1.18 0.37
1.18 0.371
1.181 0.233
1.181 0.368
1.181 0.369
1.181 0.37
1.181 0.371
1.182 0.368
1.182 0.369
1.182 0.37
1.182 0.371
1.183 0.325
1.183 0.369
1.183 0.37
1.183 0.371
1.184 0.369
1.184 0.37
1.184 0.371
1.185 0.369
1.185 0.37
1.185 0.371
1.186 0.369
1.186 0.37
1.186 0.371
1.187 0.369
1.187 0.37
1.187 0.371
1.188 0.369
1.188 0.37
1.188 0.371
1.189 0.369
1.189 0.37
1.189 0.371
1.19 0.369
1.19 0.37
1.19 0.371
1.191 0.295
1.191 0.369
1.191 0.37
1.191 0.371
1.192 0.285
1.192 0.369
1.192 0.37
1.192 0.371
1.192 0.372
1.193 0.369
1.193 0.37
1.193 0.371
1.193 0.372
1.194 0.369
1.194 0.37
1.194 0.371
1.194 0.372
1.195 0.369
1.195 0.37
1.195 0.371
1.195 0.372
1.196 0.369
1.196 0.37
1.196 0.371
1.196 0.372
1.197 0.239
1.197 0.369
1.197 0.37
1.197 0.371
1.197 0.372
1.198 0.369
1.198 0.37
1.198 0.371
1.198 0.372
1.199 0.231
1.199 0.37
1.199 0.371
1.199 0.372
1.2 0.37
1.2 0.371
1.2 0.372
1.201 0.37
1.201 0.371
1.201 0.372
1.202 0.37
1.202 0.371
1.202 0.372
1.203 0.37
1.203 0.371
1.203 0.372
1.204 0.37
1.204 0.371
1.204 0.372
1.205 0.304
1.205 0.37
1.205 0.371
1.205 0.372
1.206 0.37
1.206 0.371
1.206 0.372
1.207 0.25
1.207 0.37
1.207 0.371
1.207 0.372
1.208 0.37
1.208 0.371
1.208 0.372
1.208 0.373
1.209 0.37
1.209 0.371
1.209 0.372
1.209 0.373
1.21 0.37
1.21 0.371
1.21 0.372
1.21 0.373
1.211 0.37
1.211 0.371
1.211 0.372
1.211 0.373
1.212 0.37
1.212 0.371
1.212 0.372
1.212 0.373
1.213 0.37
1.213 0.371
1.213 0.372
1.213 0.373
1.214 0.37
1.214 0.371
1.214 0.372
1.214 0.373
1.215 0.37
1.215 0.371
1.215 0.372
1.215 0.373
1.216 0.371
1.216 0.372
1.216 0.373
1.217 0.371
1.217 0.372
1.217 0.373
1.218 0.371
1.218 0.372
1.218 0.373
1.219 0.371
1.219 0.372
1.219 0.373
1.22 0.327
1.22 0.371
1.22 0.372
1.22 0.373
1.221 0.371
1.221 0.372
1.221 0.373
1.222 0.371
1.222 0.372
1.222 0.373
1.223 0.371
1.223 0.372
1.223 0.373
1.224 0.371
1.224 0.372
1.224 0.373
1.224 0.374
1.225 0.305
1.225 0.371
1.225 0.372
1.225 0.373
1.225 0.374
1.226 0.354
1.226 0.371
1.226 0.372
1.226 0.373
1.226 0.374
1.227 0.371
1.227 0.372
1.227 0.373
1.227 0.374
1.228 0.294
1.228 0.371
1.228 0.372
1.228 0.373
1.228 0.374
1.229 0.294
1.229 0.371
1.229 0.372
1.229 0.373
1.229 0.374
1.23 0.371
1.23 0.372
1.23 0.373
1.23 0.374
1.231 0.371
1.231 0.372
1.231 0.373
1.231 0.374
1.232 0.297
1.232 0.372
1.232 0.373
1.232 0.374
1.233 0.372
1.233 0.373
1.233 0.374
1.234 0.372
1.234 0.373
1.234 0.374
1.235 0.372
1.235 0.373
1.235 0.374
1.236 0.372
1.236 0.373
1.236 0.374
1.237 0.372
1.237 0.373
1.237 0.374
1.238 0.372
1.238 0.373
1.238 0.374
1.239 0.264
1.239 0.328
1.239 0.372
1.239 0.373
1.239 0.374
1.24 0.372
1.24 0.373
1.24 0.374
1.241 0.372
1.241 0.373
1.241 0.374
1.241 0.375
1.242 0.372
1.242 0.373
1.242 0.374
1.242 0.375
1.243 0.355
1.243 0.372
1.243 0.373
1.243 0.374
1.243 0.375
1.244 0.372
1.244 0.373
1.244 0.374
1.244 0.375
1.245 0.306
1.245 0.372
1.245 0.373
1.245 0.374
1.245 0.375
1.246 0.248
1.246 0.372
1.246 0.373
1.246 0.374
1.246 0.375
1.247 0.372
1.247 0.373
1.247 0.374
1.247 0.375
1.248 0.372
1.248 0.373
1.248 0.374
1.248 0.375
1.249 0.295
1.249 0.373
1.249 0.374
1.249 0.375
1.25 0.295
1.25 0.373
1.25 0.374
1.25 0.375
1.251 0.295
1.251 0.373
1.251 0.374
1.251 0.375
1.252 0.373
1.252 0.374
1.252 0.375
1.253 0.373
1.253 0.374
1.253 0.375
1.254 0.373
1.254 0.374
1.254 0.375
1.255 0.373
1.255 0.374
1.255 0.375
1.256 0.373
1.256 0.374
1.256 0.375
1.257 0.373
1.257 0.374
1.257 0.375
1.257 0.376
1.258 0.293
1.258 0.329
1.258 0.373
1.258 0.374
1.258 0.375
1.258 0.376
1.259 0.373
1.259 0.374
1.259 0.375
1.259 0.376
1.26 0.373
1.26 0.374
1.26 0.375
1.26 0.376
1.261 0.356
1.261 0.373
1.261 0.374
1.261 0.375
1.261 0.376
1.262 0.373
1.262 0.374
1.262 0.375
1.262 0.376
1.263 0.373
1.263 0.374
1.263 0.375
1.263 0.376
1.264 0.373
1.264 0.374
1.264 0.375
1.264 0.376
1.265 0.373
1.265 0.374
1.265 0.375
1.265 0.376
1.266 0.374
1.266 0.375
1.266 0.376
1.267 0.374
1.267 0.375
1.267 0.376
1.268 0.374
1.268 0.375
1.268 0.376
1.269 0.374
1.269 0.375
1.269 0.376
1.27 0.374
1.27 0.375
1.27 0.376
1.271 0.296
1.271 0.374
1.271 0.375
1.271 0.376
1.272 0.296
1.272 0.374
1.272 0.375
1.272 0.376
1.273 0.296
1.273 0.374
1.273 0.375
1.273 0.376
1.274 0.299
1.274 0.374
1.274 0.375
1.274 0.376
1.274 0.377
1.275 0.374
1.275 0.375
1.275 0.376
1.275 0.377
1.276 0.374
1.276 0.375
1.276 0.376
1.276 0.377
1.277 0.33
1.277 0.374
1.277 0.375
1.277 0.376
1.277 0.377
1.278 0.234
1.278 0.289
1.278 0.374
1.278 0.375
1.278 0.376
1.278 0.377
1.279 0.374
1.279 0.375
1.279 0.376
1.279 0.377
1.28 0.374
1.28 0.375
1.28 0.376
1.28 0.377
1.281 0.374
1.281 0.375
1.281 0.376
1.281 0.377
1.282 0.374
1.282 0.375
1.282 0.376
1.282 0.377
1.283 0.375
1.283 0.376
1.283 0.377
1.284 0.375
1.284 0.376
1.284 0.377
1.285 0.375
1.285 0.376
1.285 0.377
1.286 0.237
1.286 0.375
1.286 0.376
1.286 0.377
1.287 0.375
1.287 0.376
1.287 0.377
1.288 0.375
1.288 0.376
1.288 0.377
1.289 0.375
1.289 0.376
1.289 0.377
1.29 0.375
1.29 0.376
1.29 0.377
1.291 0.375
1.291 0.376
1.291 0.377
1.291 0.378
1.292 0.297
1.292 0.375
1.292 0.376
1.292 0.377
1.292 0.378
1.293 0.297
1.293 0.375
1.293 0.376
1.293 0.377
1.293 0.378
1.294 0.297
1.294 0.375
1.294 0.376
1.294 0.377
1.294 0.378
1.295 0.375
1.295 0.376
1.295 0.377
1.295 0.378
1.296 0.375
1.296 0.376
1.296 0.377
1.296 0.378
1.297 0.375
1.297 0.376
1.297 0.377
1.297 0.378
1.298 0.375
1.298 0.376
1.298 0.377
1.298 0.378
1.299 0.375
1.299 0.376
1.299 0.377
1.299 0.378
1.3 0.376
1.3 0.377
1.3 0.378
1.301 0.376
1.301 0.377
1.301 0.378
1.302 0.376
1.302 0.377
1.302 0.378
1.303 0.245
1.303 0.376
1.303 0.377
1.303 0.378
1.304 0.376
1.304 0.377
1.304 0.378
1.305 0.376
1.305 0.377
1.305 0.378
1.306 0.376
1.306 0.377
1.306 0.378
1.307 0.376
1.307 0.377
1.307 0.378
1.308 0.376
1.308 0.377
1.308 0.378
1.309 0.376
1.309 0.377
1.309 0.378
1.309 0.379
1.31 0.376
1.31 0.377
1.31 0.378
1.31 0.379
1.311 0.267
1.311 0.345
1.311 0.376
1.311 0.377
1.311 0.378
1.311 0.379
1.312 0.376
1.312 0.377
1.312 0.378
1.312 0.379
1.313 0.376
1.313 0.377
1.313 0.378
1.313 0.379
1.314 0.298
1.314 0.376
1.314 0.377
1.314 0.378
1.314 0.379
1.315 0.298
1.315 0.359
1.315 0.376
1.315 0.377
1.315 0.378
1.315 0.379
1.316 0.332
1.316 0.376
1.316 0.377
1.316 0.378
1.316 0.379
1.317 0.301
1.317 0.377
1.317 0.378
1.317 0.379
1.318 0.377
1.318 0.378
1.318 0.379
1.319 0.377
1.319 0.378
1.319 0.379
1.32 0.377
1.32 0.378
1.32 0.379
1.321 0.377
1.321 0.378
1.321 0.379
1.322 0.377
1.322 0.378
1.322 0.379
1.323 0.377
1.323 0.378
1.323 0.379
1.324 0.234
1.324 0.377
1.324 0.378
1.324 0.379
1.325 0.377
1.325 0.378
1.325 0.379
1.326 0.377
1.326 0.378
1.326 0.379
1.326 0.38
1.327 0.377
1.327 0.378
1.327 0.379
1.327 0.38
1.328 0.377
1.328 0.378
1.328 0.379
1.328 0.38
1.329 0.377
1.329 0.378
1.329 0.379
1.329 0.38
1.33 0.377
1.33 0.378
1.33 0.379
1.33 0.38
1.331 0.377
1.331 0.378
1.331 0.379
1.331 0.38
1.332 0.377
1.332 0.378
1.332 0.379
1.332 0.38
1.333 0.36
1.333 0.377
1.333 0.378
1.333 0.379
1.333 0.38
1.334 0.377
1.334 0.378
1.334 0.379
1.334 0.38
1.335 0.378
1.335 0.379
1.335 0.38
1.336 0.333
1.336 0.378
1.336 0.379
1.336 0.38
1.337 0.378
1.337 0.379
1.337 0.38
1.338 0.378
1.338 0.379
1.338 0.38
1.339 0.378
1.339 0.379
1.339 0.38
1.34 0.378
1.34 0.379
1.34 0.38
1.341 0.239
1.341 0.378
1.341 0.379
1.341 0.38
1.342 0.378
1.342 0.379
1.342 0.38
1.343 0.378
1.343 0.379
1.343 0.38
1.343 0.381
1.344 0.378
1.344 0.379
1.344 0.38
1.344 0.381
1.345 0.378
1.345 0.379
1.345 0.38
1.345 0.381
1.346 0.378
1.346 0.379
1.346 0.38
1.346 0.381
1.347 0.378
1.347 0.379
1.347 0.38
1.347 0.381
1.348 0.378
1.348 0.379
1.348 0.38
1.348 0.381
1.349 0.236
1.349 0.378
1.349 0.379
1.349 0.38
1.349 0.381
1.35 0.378
1.35 0.379
1.35 0.38
1.35 0.381
1.351 0.378
1.351 0.379
1.351 0.38
1.351 0.381
1.352 0.361
1.352 0.378
1.352 0.379
1.352 0.38
1.352 0.381
1.353 0.379
1.353 0.38
1.353 0.381
1.354 0.379
1.354 0.38
1.354 0.381
1.355 0.379
1.355 0.38
1.355 0.381
1.356 0.379
1.356 0.38
1.356 0.381
1.357 0.256
1.357 0.379
1.357 0.38
1.357 0.381
1.358 0.379
1.358 0.38
1.358 0.381
1.359 0.379
1.359 0.38
1.359 0.381
1.36 0.379
1.36 0.38
1.36 0.381
1.361 0.372
1.361 0.379
1.361 0.38
1.361 0.381
1.361 0.382
1.362 0.379
1.362 0.38
1.362 0.381
1.362 0.382
1.363 0.379
1.363 0.38
1.363 0.381
1.363 0.382
1.364 0.379
1.364 0.38
1.364 0.381
1.364 0.382
1.365 0.379
1.365 0.38
1.365 0.381
1.365 0.382
1.366 0.379
1.366 0.38
1.366 0.381
1.366 0.382
1.367 0.379
1.367 0.38
1.367 0.381
1.367 0.382
1.368 0.379
1.368 0.38
1.368 0.381
1.368 0.382
1.369 0.298
1.369 0.379
1.369 0.38
1.369 0.381
1.369 0.382
1.37 0.379
1.37 0.38
1.37 0.381
1.37 0.382
1.371 0.362
1.371 0.38
1.371 0.381
1.371 0.382
1.372 0.312
1.372 0.38
1.372 0.381
1.372 0.382
1.373 0.38
1.373 0.381
1.373 0.382
1.374 0.38
1.374 0.381
1.374 0.382
1.375 0.38
1.375 0.381
1.375 0.382
1.376 0.38
1.376 0.381
1.376 0.382
1.377 0.335
1.377 0.38
1.377 0.381
1.377 0.382
1.378 0.38
1.378 0.381
1.378 0.382
1.379 0.38
1.379 0.381
1.379 0.382
1.379 0.383
1.38 0.38
1.38 0.381
1.38 0.382
1.38 0.383
1.381 0.38
1.381 0.381
1.381 0.382
1.381 0.383
1.382 0.38
1.382 0.381
1.382 0.382
1.382 0.383
1.383 0.257
1.383 0.38
1.383 0.381
1.383 0.382
1.383 0.383
1.384 0.257
1.384 0.304
1.384 0.38
1.384 0.381
1.384 0.382
1.384 0.383
1.385 0.38
1.385 0.381
1.385 0.382
1.385 0.383
1.386 0.38
1.386 0.381
1.386 0.382
1.386 0.383
1.387 0.38
1.387 0.381
1.387 0.382
1.387 0.383
1.388 0.38
1.388 0.381
1.388 0.382
1.388 0.383
1.389 0.251
1.389 0.381
1.389 0.382
1.389 0.383
1.39 0.363
1.39 0.381
1.39 0.382
1.39 0.383
1.391 0.381
1.391 0.382
1.391 0.383
1.392 0.381
1.392 0.382
1.392 0.383
1.393 0.381
1.393 0.382
1.393 0.383
1.394 0.381
1.394 0.382
1.394 0.383
1.395 0.381
1.395 0.382
1.395 0.383
1.396 0.381
1.396 0.382
1.396 0.383
1.397 0.381
1.397 0.382
1.397 0.383
1.397 0.384
1.398 0.381
1.398 0.382
1.398 0.383
1.398 0.384
1.399 0.241
1.399 0.381
1.399 0.382
1.399 0.383
1.399 0.384
1.4 0.381
1.4 0.382
1.4 0.383
1.4 0.384
1.401 0.369
1.401 0.381
1.401 0.382
1.401 0.383
1.401 0.384
1.402 0.381
1.402 0.382
1.402 0.383
1.402 0.384
1.403 0.381
1.403 0.382
1.403 0.383
1.403 0.384
1.404 0.381
1.404 0.382
1.404 0.383
1.404 0.384
1.405 0.302
1.405 0.381
1.405 0.382
1.405 0.383
1.405 0.384
1.406 0.381
1.406 0.382
1.406 0.383
1.406 0.384
1.407 0.241
1.407 0.305
1.407 0.382
1.407 0.383
1.407 0.384
1.408 0.382
1.408 0.383
1.408 0.384
1.409 0.364
1.409 0.382
1.409 0.383
1.409 0.384
1.41 0.258
1.41 0.382
1.41 0.383
1.41 0.384
1.411 0.258
1.411 0.382
1.411 0.383
1.411 0.384
1.412 0.382
1.412 0.383
1.412 0.384
1.413 0.258
1.413 0.329
1.413 0.382
1.413 0.383
1.413 0.384
1.414 0.382
1.414 0.383
1.414 0.384
1.415 0.382
1.415 0.383
1.415 0.384
1.415 0.385
1.416 0.382
1.416 0.383
1.416 0.384
1.416 0.385
1.417 0.382
1.417 0.383
1.417 0.384
1.417 0.385
1.418 0.382
1.418 0.383
1.418 0.384
1.418 0.385
1.419 0.382
1.419 0.383
1.419 0.384
1.419 0.385
1.42 0.382
1.42 0.383
1.42 0.384
1.42 0.385
1.421 0.239
1.421 0.382
1.421 0.383
1.421 0.384
1.421 0.385
1.422 0.382
1.422 0.383
1.422 0.384
1.422 0.385
1.423 0.382
1.423 0.383
1.423 0.384
1.423 0.385
1.424 0.382
1.424 0.383
1.424 0.384
1.424 0.385
1.425 0.382
1.425 0.383
1.425 0.384
1.425 0.385
1.426 0.383
1.426 0.384
1.426 0.385
1.427 0.28
1.427 0.383
1.427 0.384
1.427 0.385
1.428 0.303
1.428 0.365
1.428 0.383
1.428 0.384
1.428 0.385
1.429 0.303
1.429 0.383
1.429 0.384
1.429 0.385
1.43 0.303
1.43 0.383
1.43 0.384
1.43 0.385
1.431 0.383
1.431 0.384
1.431 0.385
1.432 0.383
1.432 0.384
1.432 0.385
1.433 0.383
1.433 0.384
1.433 0.385
1.434 0.383
1.434 0.384
1.434 0.385
1.434 0.386
1.435 0.383
1.435 0.384
1.435 0.385
1.435 0.386
1.436 0.383
1.436 0.384
1.436 0.385
1.436 0.386
1.437 0.259
1.437 0.383
1.437 0.384
1.437 0.385
1.437 0.386
1.438 0.248
1.438 0.259
1.438 0.383
1.438 0.384
1.438 0.385
1.438 0.386
1.439 0.383
1.439 0.384
1.439 0.385
1.439 0.386
1.44 0.338
1.44 0.383
1.44 0.384
1.44 0.385
1.44 0.386
1.441 0.383
1.441 0.384
1.441 0.385
1.441 0.386
1.442 0.383
1.442 0.384
1.442 0.385
1.442 0.386
1.443 0.241
1.443 0.263
1.443 0.383
1.443 0.384
1.443 0.385
1.443 0.386
1.444 0.383
1.444 0.384
1.444 0.385
1.444 0.386
1.445 0.384
1.445 0.385
1.445 0.386
1.446 0.384
1.446 0.385
1.446 0.386
1.447 0.384
1.447 0.385
1.447 0.386
1.448 0.366
1.448 0.384
1.448 0.385
1.448 0.386
1.449 0.384
1.449 0.385
1.449 0.386
1.45 0.384
1.45 0.385
1.45 0.386
1.451 0.24
1.451 0.384
1.451 0.385
1.451 0.386
1.452 0.304
1.452 0.384
1.452 0.385
1.452 0.386
1.452 0.387
1.453 0.304
1.453 0.384
1.453 0.385
1.453 0.386
1.453 0.387
1.454 0.304
1.454 0.384
1.454 0.385
1.454 0.386
1.454 0.387
1.455 0.384
1.455 0.385
1.455 0.386
1.455 0.387
1.456 0.384
1.456 0.385
1.456 0.386
1.456 0.387
1.457 0.384
1.457 0.385
1.457 0.386
1.457 0.387
1.458 0.384
1.458 0.385
1.458 0.386
1.458 0.387
1.459 0.384
1.459 0.385
1.459 0.386
1.459 0.387
1.46 0.384
1.46 0.385
1.46 0.386
1.46 0.387
1.461 0.339
1.461 0.384
1.461 0.385
1.461 0.386
1.461 0.387
1.462 0.384
1.462 0.385
1.462 0.386
1.462 0.387
1.463 0.385
1.463 0.386
1.463 0.387
1.464 0.385
1.464 0.386
1.464 0.387
1.465 0.26
1.465 0.385
1.465 0.386
1.465 0.387
1.466 0.26
1.466 0.385
1.466 0.386
1.466 0.387
1.467 0.385
1.467 0.386
1.467 0.387
1.468 0.367
1.468 0.385
1.468 0.386
1.468 0.387
1.469 0.385
1.469 0.386
1.469 0.387
1.47 0.385
1.47 0.386
1.47 0.387
1.471 0.385
1.471 0.386
1.471 0.387
1.471 0.388
1.472 0.385
1.472 0.386
1.472 0.387
1.472 0.388
1.473 0.367
1.473 0.385
1.473 0.386
1.473 0.387
1.473 0.388
1.474 0.385
1.474 0.386
1.474 0.387
1.474 0.388
1.475 0.385
1.475 0.386
1.475 0.387
1.475 0.388
1.476 0.305
1.476 0.385
1.476 0.386
1.476 0.387
1.476 0.388
1.477 0.305
1.477 0.385
1.477 0.386
1.477 0.387
1.477 0.388
1.478 0.305
1.478 0.385
1.478 0.386
1.478 0.387
1.478 0.388
1.479 0.385
1.479 0.386
1.479 0.387
1.479 0.388
1.48 0.385
1.48 0.386
1.48 0.387
1.48 0.388
1.481 0.385
1.481 0.386
1.481 0.387
1.481 0.388
1.482 0.385
1.482 0.386
1.482 0.387
1.482 0.388
1.483 0.34
1.483 0.386
1.483 0.387
1.483 0.388
1.484 0.386
1.484 0.387
1.484 0.388
1.485 0.386
1.485 0.387
1.485 0.388
1.486 0.386
1.486 0.387
1.486 0.388
1.487 0.386
1.487 0.387
1.487 0.388
1.488 0.368
1.488 0.386
1.488 0.387
1.488 0.388
1.489 0.386
1.489 0.387
1.489 0.388
1.49 0.386
1.49 0.387
1.49 0.388
1.49 0.389
1.491 0.386
1.491 0.387
1.491 0.388
1.491 0.389
1.492 0.386
1.492 0.387
1.492 0.388
1.492 0.389
1.493 0.261
1.493 0.386
1.493 0.387
1.493 0.388
1.493 0.389
1.494 0.261
1.494 0.386
1.494 0.387
1.494 0.388
1.494 0.389
1.495 0.261
1.495 0.386
1.495 0.387
1.495 0.388
1.495 0.389
1.496 0.386
1.496 0.387
1.496 0.388
1.496 0.389
1.497 0.386
1.497 0.387
1.497 0.388
1.497 0.389
1.498 0.386
1.498 0.387
1.498 0.388
1.498 0.389
1.499 0.239
1.499 0.386
1.499 0.387
1.499 0.388
1.499 0.389
1.5 0.306
1.5 0.386
1.5 0.387
1.5 0.388
1.5 0.389
1.501 0.261
1.501 0.306
1.501 0.386
1.501 0.387
1.501 0.388
1.501 0.389
1.502 0.387
1.502 0.388
1.502 0.389
1.503 0.255
1.503 0.387
1.503 0.388
1.503 0.389
1.504 0.387
1.504 0.388
1.504 0.389
1.505 0.341
1.505 0.387
1.505 0.388
1.505 0.389
1.506 0.387
1.506 0.388
1.506 0.389
1.507 0.387
1.507 0.388
1.507 0.389
1.508 0.369
1.508 0.387
1.508 0.388
1.508 0.389
1.509 0.387
1.509 0.388
1.509 0.389
1.509 0.39
1.51 0.387
1.51 0.388
1.51 0.389
1.51 0.39
1.511 0.387
1.511 0.388
1.511 0.389
1.511 0.39
1.512 0.387
1.512 0.388
1.512 0.389
1.512 0.39
1.513 0.387
1.513 0.388
1.513 0.389
1.513 0.39
1.514 0.387
1.514 0.388
1.514 0.389
1.514 0.39
1.515 0.387
1.515 0.388
1.515 0.389
1.515 0.39
1.516 0.387
1.516 0.388
1.516 0.389
1.516 0.39
1.517 0.387
1.517 0.388
1.517 0.389
1.517 0.39
1.518 0.387
1.518 0.388
1.518 0.389
1.518 0.39
1.519 0.387
1.519 0.388
1.519 0.389
1.519 0.39
1.52 0.387
1.52 0.388
1.52 0.389
1.52 0.39
1.521 0.387
1.521 0.388
1.521 0.389
1.521 0.39
1.522 0.262
1.522 0.388
1.522 0.389
1.522 0.39
1.523 0.262
1.523 0.388
1.523 0.389
1.523 0.39
1.524 0.262
1.524 0.388
1.524 0.389
1.524 0.39
1.525 0.307
1.525 0.388
1.525 0.389
1.525 0.39
1.526 0.26
1.526 0.388
1.526 0.389
1.526 0.39
1.527 0.342
1.527 0.388
1.527 0.389
1.527 0.39
1.528 0.388
1.528 0.389
1.528 0.39
1.529 0.37
1.529 0.388
1.529 0.389
1.529 0.39
1.529 0.391
1.53 0.388
1.53 0.389
1.53 0.39
1.53 0.391
1.531 0.388
1.531 0.389
1.531 0.39
1.531 0.391
1.532 0.388
1.532 0.389
1.532 0.39
1.532 0.391
1.533 0.319
1.533 0.388
1.533 0.389
1.533 0.39
1.533 0.391
1.534 0.388
1.534 0.389
1.534 0.39
1.534 0.391
1.535 0.388
1.535 0.389
1.535 0.39
1.535 0.391
1.536 0.388
1.536 0.389
1.536 0.39
1.536 0.391
1.537 0.388
1.537 0.389
1.537 0.39
1.537 0.391
1.538 0.388
1.538 0.389
1.538 0.39
1.538 0.391
1.539 0.388
1.539 0.389
1.539 0.39
1.539 0.391
1.54 0.388
1.54 0.389
1.54 0.39
1.54 0.391
1.541 0.389
1.541 0.39
1.541 0.391
1.542 0.389
1.542 0.39
1.542 0.391
1.543 0.389
1.543 0.39
1.543 0.391
1.544 0.243
1.544 0.389
1.544 0.39
1.544 0.391
1.545 0.389
1.545 0.39
1.545 0.391
1.546 0.389
1.546 0.39
1.546 0.391
1.547 0.389
1.547 0.39
1.547 0.391
1.548 0.259
1.548 0.389
1.548 0.39
1.548 0.391
1.549 0.343
1.549 0.389
1.549 0.39
1.549 0.391
1.549 0.392
1.55 0.371
1.55 0.389
1.55 0.39
1.55 0.391
1.55 0.392
1.551 0.311
1.551 0.389
1.551 0.39
1.551 0.391
1.551 0.392
1.552 0.263
1.552 0.389
1.552 0.39
1.552 0.391
1.552 0.392
1.553 0.263
1.553 0.389
1.553 0.39
1.553 0.391
1.553 0.392
1.554 0.389
1.554 0.39
1.554 0.391
1.554 0.392
1.555 0.389
1.555 0.39
1.555 0.391
1.555 0.392
1.556 0.389
1.556 0.39
1.556 0.391
1.556 0.392
1.557 0.389
1.557 0.39
1.557 0.391
1.557 0.392
1.558 0.365
1.558 0.389
1.558 0.39
1.558 0.391
1.558 0.392
1.559 0.389
1.559 0.39
1.559 0.391
1.559 0.392
1.56 0.389
1.56 0.39
1.56 0.391
1.56 0.392
1.561 0.39
1.561 0.391
1.561 0.392
1.562 0.39
1.562 0.391
1.562 0.392
1.563 0.306
1.563 0.39
1.563 0.391
1.563 0.392
1.564 0.39
1.564 0.391
1.564 0.392
1.565 0.39
1.565 0.391
1.565 0.392
1.566 0.39
1.566 0.391
1.566 0.392
1.567 0.293
1.567 0.39
1.567 0.391
1.567 0.392
1.568 0.39
1.568 0.391
1.568 0.392
1.569 0.39
1.569 0.391
1.569 0.392
1.569 0.393
1.57 0.39
1.57 0.391
1.57 0.392
1.57 0.393
1.571 0.372
1.571 0.39
1.571 0.391
1.571 0.392
1.571 0.393
1.572 0.344
1.572 0.39
1.572 0.391
1.572 0.392
1.572 0.393
1.573 0.39
1.573 0.391
1.573 0.392
1.573 0.393
1.574 0.39
1.574 0.391
1.574 0.392
1.574 0.393
1.575 0.309
1.575 0.39
1.575 0.391
1.575 0.392
1.575 0.393
1.576 0.312
1.576 0.39
1.576 0.391
1.576 0.392
1.576 0.393
1.577 0.39
1.577 0.391
1.577 0.392
1.577 0.393
1.578 0.39
1.578 0.391
1.578 0.392
1.578 0.393
1.579 0.39
1.579 0.391
1.579 0.392
1.579 0.393
1.58 0.39
1.58 0.391
1.58 0.392
1.58 0.393
1.581 0.391
1.581 0.392
1.581 0.393
1.582 0.264
1.582 0.391
1.582 0.392
1.582 0.393
1.583 0.264
1.583 0.391
1.583 0.392
1.583 0.393
1.584 0.391
1.584 0.392
1.584 0.393
1.585 0.391
1.585 0.392
1.585 0.393
1.586 0.391
1.586 0.392
1.586 0.393
1.587 0.391
1.587 0.392
1.587 0.393
1.588 0.391
1.588 0.392
1.588 0.393
1.589 0.391
1.589 0.392
1.589 0.393
1.589 0.394
1.59 0.391
1.59 0.392
1.59 0.393
1.59 0.394
1.591 0.391
1.591 0.392
1.591 0.393
1.591 0.394
1.592 0.373
1.592 0.391
1.592 0.392
1.592 0.393
1.592 0.394
1.593 0.391
1.593 0.392
1.593 0.393
1.593 0.394
1.594 0.391
1.594 0.392
1.594 0.393
1.594 0.394
1.595 0.345
1.595 0.391
1.595 0.392
1.595 0.393
1.595 0.394
1.596 0.391
1.596 0.392
1.596 0.393
1.596 0.394
1.597 0.391
1.597 0.392
1.597 0.393
1.597 0.394
1.598 0.391
1.598 0.392
1.598 0.393
1.598 0.394
1.599 0.391
1.599 0.392
1.599 0.393
1.599 0.394
1.6 0.391
1.6 0.392
1.6 0.393
1.6 0.394
1.601 0.31
1.601 0.391
1.601 0.392
1.601 0.393
1.601 0.394
1.602 0.392
1.602 0.393
1.602 0.394
1.603 0.392
1.603 0.393
1.603 0.394
1.604 0.392
1.604 0.393
1.604 0.394
1.605 0.392
1.605 0.393
1.605 0.394
1.606 0.392
1.606 0.393
1.606 0.394
1.607 0.392
1.607 0.393
1.607 0.394
1.608 0.392
1.608 0.393
1.608 0.394
1.609 0.392
1.609 0.393
1.609 0.394
1.609 0.395
1.61 0.392
1.61 0.393
1.61 0.394
1.61 0.395
1.611 0.392
1.611 0.393
1.611 0.394
1.611 0.395
1.612 0.392
1.612 0.393
1.612 0.394
1.612 0.395
1.613 0.265
1.613 0.374
1.613 0.392
1.613 0.393
1.613 0.394
1.613 0.395
1.614 0.392
1.614 0.393
1.614 0.394
1.614 0.395
1.615 0.392
1.615 0.393
1.615 0.394
1.615 0.395
1.616 0.392
1.616 0.393
1.616 0.394
1.616 0.395
1.617 0.392
1.617 0.393
1.617 0.394
1.617 0.395
1.618 0.346
1.618 0.392
1.618 0.393
1.618 0.394
1.618 0.395
1.619 0.392
1.619 0.393
1.619 0.394
1.619 0.395
1.62 0.392
1.62 0.393
1.62 0.394
1.62 0.395
1.621 0.392
1.621 0.393
1.621 0.394
1.621 0.395
1.622 0.245
1.622 0.289
1.622 0.393
1.622 0.394
1.622 0.395
1.623 0.393
1.623 0.394
1.623 0.395
1.624 0.393
1.624 0.394
1.624 0.395
1.625 0.393
1.625 0.394
1.625 0.395
1.626 0.393
1.626 0.394
1.626 0.395
1.627 0.311
1.627 0.393
1.627 0.394
1.627 0.395
1.628 0.311
1.628 0.393
1.628 0.394
1.628 0.395
1.629 0.393
1.629 0.394
1.629 0.395
1.629 0.396
1.63 0.393
1.63 0.394
1.63 0.395
1.63 0.396
1.631 0.393
1.631 0.394
1.631 0.395
1.631 0.396
1.632 0.393
1.632 0.394
1.632 0.395
1.632 0.396
1.633 0.393
1.633 0.394
1.633 0.395
1.633 0.396
1.634 0.393
1.634 0.394
1.634 0.395
1.634 0.396
1.635 0.375
1.635 0.393
1.635 0.394
1.635 0.395
1.635 0.396
1.636 0.393
1.636 0.394
1.636 0.395
1.636 0.396
1.637 0.393
1.637 0.394
1.637 0.395
1.637 0.396
1.638 0.393
1.638 0.394
1.638 0.395
1.638 0.396
1.639 0.393
1.639 0.394
1.639 0.395
1.639 0.396
1.64 0.393
1.64 0.394
1.64 0.395
1.64 0.396
1.641 0.309
1.641 0.393
1.641 0.394
1.641 0.395
1.641 0.396
1.642 0.347
1.642 0.393
1.642 0.394
1.642 0.395
1.642 0.396
1.643 0.394
1.643 0.395
1.643 0.396
1.644 0.394
1.644 0.395
1.644 0.396
1.645 0.256
1.645 0.394
1.645 0.395
1.645 0.396
1.646 0.394
1.646 0.395
1.646 0.396
1.647 0.264
1.647 0.394
1.647 0.395
1.647 0.396
1.648 0.394
1.648 0.395
1.648 0.396
1.649 0.394
1.649 0.395
1.649 0.396
1.65 0.394
1.65 0.395
1.65 0.396
1.65 0.397
1.651 0.394
1.651 0.395
1.651 0.396
1.651 0.397
1.652 0.394
1.652 0.395
1.652 0.396
1.652 0.397
1.653 0.312
1.653 0.394
1.653 0.395
1.653 0.396
1.653 0.397
1.654 0.312
1.654 0.394
1.654 0.395
1.654 0.396
1.654 0.397
1.655 0.312
1.655 0.394
1.655 0.395
1.655 0.396
1.655 0.397
1.656 0.312
1.656 0.394
1.656 0.395
1.656 0.396
1.656 0.397
1.657 0.324
1.657 0.376
1.657 0.394
1.657 0.395
1.657 0.396
1.657 0.397
1.658 0.394
1.658 0.395
1.658 0.396
1.658 0.397
1.659 0.394
1.659 0.395
1.659 0.396
1.659 0.397
1.66 0.394
1.66 0.395
1.66 0.396
1.66 0.397
1.661 0.394
1.661 0.395
1.661 0.396
1.661 0.397
1.662 0.394
1.662 0.395
1.662 0.396
1.662 0.397
1.663 0.394
1.663 0.395
1.663 0.396
1.663 0.397
1.664 0.395
1.664 0.396
1.664 0.397
1.665 0.395
1.665 0.396
1.665 0.397
1.666 0.348
1.666 0.395
1.666 0.396
1.666 0.397
1.667 0.395
1.667 0.396
1.667 0.397
1.668 0.395
1.668 0.396
1.668 0.397
1.669 0.395
1.669 0.396
1.669 0.397
1.67 0.395
1.67 0.396
1.67 0.397
1.671 0.395
1.671 0.396
1.671 0.397
1.671 0.398
1.672 0.395
1.672 0.396
1.672 0.397
1.672 0.398
1.673 0.395
1.673 0.396
1.673 0.397
1.673 0.398
1.674 0.395
1.674 0.396
1.674 0.397
1.674 0.398
1.675 0.395
1.675 0.396
1.675 0.397
1.675 0.398
1.676 0.395
1.676 0.396
1.676 0.397
1.676 0.398
1.677 0.395
1.677 0.396
1.677 0.397
1.677 0.398
1.678 0.395
1.678 0.396
1.678 0.397
1.678 0.398
1.679 0.377
1.679 0.395
1.679 0.396
1.679 0.397
1.679 0.398
1.68 0.313
1.68 0.38
1.68 0.395
1.68 0.396
1.68 0.397
1.68 0.398
1.681 0.313
1.681 0.395
1.681 0.396
1.681 0.397
1.681 0.398
1.682 0.313
1.682 0.395
1.682 0.396
1.682 0.397
1.682 0.398
1.683 0.313
1.683 0.395
1.683 0.396
1.683 0.397
1.683 0.398
1.684 0.395
1.684 0.396
1.684 0.397
1.684 0.398
1.685 0.396
1.685 0.397
1.685 0.398
1.686 0.396
1.686 0.397
1.686 0.398
1.687 0.303
1.687 0.396
1.687 0.397
1.687 0.398
1.688 0.303
1.688 0.396
1.688 0.397
1.688 0.398
1.689 0.396
1.689 0.397
1.689 0.398
1.69 0.349
1.69 0.396
1.69 0.397
1.69 0.398
1.691 0.396
1.691 0.397
1.691 0.398
1.692 0.396
1.692 0.397
1.692 0.398
1.692 0.399
1.693 0.396
1.693 0.397
1.693 0.398
1.693 0.399
1.694 0.396
1.694 0.397
1.694 0.398
1.694 0.399
1.695 0.396
1.695 0.397
1.695 0.398
1.695 0.399
1.696 0.396
1.696 0.397
1.696 0.398
1.696 0.399
1.697 0.268
1.697 0.396
1.697 0.397
1.697 0.398
1.697 0.399
1.698 0.253
1.698 0.396
1.698 0.397
1.698 0.398
1.698 0.399
1.699 0.396
1.699 0.397
1.699 0.398
1.699 0.399
1.7 0.396
1.7 0.397
1.7 0.398
1.7 0.399
1.701 0.378
1.701 0.396
1.701 0.397
1.701 0.398
1.701 0.399
1.702 0.245
1.702 0.378
1.702 0.396
1.702 0.397
1.702 0.398
1.702 0.399
1.703 0.396
1.703 0.397
1.703 0.398
1.703 0.399
1.704 0.396
1.704 0.397
1.704 0.398
1.704 0.399
1.705 0.396
1.705 0.397
1.705 0.398
1.705 0.399
1.706 0.396
1.706 0.397
1.706 0.398
1.706 0.399
1.707 0.314
1.707 0.397
1.707 0.398
1.707 0.399
1.708 0.314
1.708 0.397
1.708 0.398
1.708 0.399
1.709 0.301
1.709 0.397
1.709 0.398
1.709 0.399
1.71 0.397
1.71 0.398
1.71 0.399
1.711 0.397
1.711 0.398
1.711 0.399
1.712 0.397
1.712 0.398
1.712 0.399
1.713 0.397
1.713 0.398
1.713 0.399
1.713 0.4
1.714 0.35
1.714 0.397
1.714 0.398
1.714 0.399
1.714 0.4
1.715 0.342
1.715 0.397
1.715 0.398
1.715 0.399
1.715 0.4
1.716 0.397
1.716 0.398
1.716 0.399
1.716 0.4
1.717 0.397
1.717 0.398
1.717 0.399
1.717 0.4
1.718 0.397
1.718 0.398
1.718 0.399
1.718 0.4
1.719 0.397
1.719 0.398
1.719 0.399
1.719 0.4
1.72 0.365
1.72 0.397
1.72 0.398
1.72 0.399
1.72 0.4
1.721 0.397
1.721 0.398
1.721 0.399
1.721 0.4
1.722 0.397
1.722 0.398
1.722 0.399
1.722 0.4
1.723 0.397
1.723 0.398
1.723 0.399
1.723 0.4
1.724 0.379
1.724 0.397
1.724 0.398
1.724 0.399
1.724 0.4
1.725 0.397
1.725 0.398
1.725 0.399
1.725 0.4
1.726 0.397
1.726 0.398
1.726 0.399
1.726 0.4
1.727 0.397
1.727 0.398
1.727 0.399
1.727 0.4
1.728 0.398
1.728 0.399
1.728 0.4
1.729 0.398
1.729 0.399
1.729 0.4
1.73 0.285
1.73 0.398
1.73 0.399
1.73 0.4
1.731 0.398
1.731 0.399
1.731 0.4
1.732 0.256
1.732 0.398
1.732 0.399
1.732 0.4
1.733 0.398
1.733 0.399
1.733 0.4
1.734 0.315
1.734 0.398
1.734 0.399
1.734 0.4
1.735 0.327
1.735 0.398
1.735 0.399
1.735 0.4
1.735 0.401
1.736 0.398
1.736 0.399
1.736 0.4
1.736 0.401
1.737 0.398
1.737 0.399
1.737 0.4
1.737 0.401
1.738 0.398
1.738 0.399
1.738 0.4
1.738 0.401
1.739 0.273
1.739 0.351
1.739 0.398
1.739 0.399
1.739 0.4
1.739 0.401
1.74 0.398
1.74 0.399
1.74 0.4
1.74 0.401
1.741 0.398
1.741 0.399
1.741 0.4
1.741 0.401
1.742 0.398
1.742 0.399
1.742 0.4
1.742 0.401
1.743 0.398
1.743 0.399
1.743 0.4
1.743 0.401
1.744 0.398
1.744 0.399
1.744 0.4
1.744 0.401
1.745 0.398
1.745 0.399
1.745 0.4
1.745 0.401
1.746 0.398
1.746 0.399
1.746 0.4
1.746 0.401
1.747 0.38
1.747 0.398
1.747 0.399
1.747 0.4
1.747 0.401
1.748 0.398
1.748 0.399
1.748 0.4
1.748 0.401
1.749 0.398
1.749 0.399
1.749 0.4
1.749 0.401
1.75 0.313
1.75 0.399
1.75 0.4
1.75 0.401
1.751 0.399
1.751 0.4
1.751 0.401
1.752 0.399
1.752 0.4
1.752 0.401
1.753 0.399
1.753 0.4
1.753 0.401
1.754 0.399
1.754 0.4
1.754 0.401
1.755 0.258
1.755 0.399
1.755 0.4
1.755 0.401
1.756 0.247
1.756 0.399
1.756 0.4
1.756 0.401
1.757 0.399
1.757 0.4
1.757 0.401
1.757 0.402
1.758 0.399
1.758 0.4
1.758 0.401
1.758 0.402
1.759 0.399
1.759 0.4
1.759 0.401
1.759 0.402
1.76 0.399
1.76 0.4
1.76 0.401
1.76 0.402
1.761 0.319
1.761 0.399
1.761 0.4
1.761 0.401
1.761 0.402
1.762 0.328
1.762 0.399
1.762 0.4
1.762 0.401
1.762 0.402
1.763 0.352
1.763 0.399
1.763 0.4
1.763 0.401
1.763 0.402
1.764 0.352
1.764 0.399
1.764 0.4
1.764 0.401
1.764 0.402
1.765 0.399
1.765 0.4
1.765 0.401
1.765 0.402
1.766 0.399
1.766 0.4
1.766 0.401
1.766 0.402
1.767 0.399
1.767 0.4
1.767 0.401
1.767 0.402
1.768 0.399
1.768 0.4
1.768 0.401
1.768 0.402
1.769 0.399
1.769 0.4
1.769 0.401
1.769 0.402
1.77 0.381
1.77 0.399
1.77 0.4
1.77 0.401
1.77 0.402
1.771 0.399
1.771 0.4
1.771 0.401
1.771 0.402
1.772 0.4
1.772 0.401
1.772 0.402
1.773 0.4
1.773 0.401
1.773 0.402
1.774 0.4
1.774 0.401
1.774 0.402
1.775 0.4
1.775 0.401
1.775 0.402
1.776 0.4
1.776 0.401
1.776 0.402
1.777 0.4
1.777 0.401
1.777 0.402
1.778 0.4
1.778 0.401
1.778 0.402
1.778 0.403
1.779 0.4
1.779 0.401
1.779 0.402
1.779 0.403
1.78 0.4
1.78 0.401
1.78 0.402
1.78 0.403
1.781 0.4
1.781 0.401
1.781 0.402
1.781 0.403
1.782 0.4
1.782 0.401
1.782 0.402
1.782 0.403
1.783 0.4
1.783 0.401
1.783 0.402
1.783 0.403
1.784 0.4
1.784 0.401
1.784 0.402
1.784 0.403
1.785 0.284
1.785 0.4
1.785 0.401
1.785 0.402
1.785 0.403
1.786 0.4
1.786 0.401
1.786 0.402
1.786 0.403
1.787 0.4
1.787 0.401
1.787 0.402
1.787 0.403
1.788 0.4
1.788 0.401
1.788 0.402
1.788 0.403
1.789 0.32
1.789 0.329
1.789 0.353
1.789 0.4
1.789 0.401
1.789 0.402
1.789 0.403
1.79 0.4
1.79 0.401
1.79 0.402
1.79 0.403
1.791 0.4
1.791 0.401
1.791 0.402
1.791 0.403
1.792 0.4
1.792 0.401
1.792 0.402
1.792 0.403
1.793 0.382
1.793 0.4
1.793 0.401
1.793 0.402
1.793 0.403
1.794 0.382
1.794 0.4
1.794 0.401
1.794 0.402
1.794 0.403
1.795 0.401
1.795 0.402
1.795 0.403
1.796 0.401
1.796 0.402
1.796 0.403
1.797 0.401
1.797 0.402
1.797 0.403
1.798 0.401
1.798 0.402
1.798 0.403
1.799 0.401
1.799 0.402
1.799 0.403
1.8 0.401
1.8 0.402
1.8 0.403
1.8 0.404
1.801 0.401
1.801 0.402
1.801 0.403
1.801 0.404
1.802 0.401
1.802 0.402
1.802 0.403
1.802 0.404
1.803 0.401
1.803 0.402
1.803 0.403
1.803 0.404
1.804 0.401
1.804 0.402
1.804 0.403
1.804 0.404
1.805 0.401
1.805 0.402
1.805 0.403
1.805 0.404
1.806 0.401
1.806 0.402
1.806 0.403
1.806 0.404
1.807 0.401
1.807 0.402
1.807 0.403
1.807 0.404
1.808 0.401
1.808 0.402
1.808 0.403
1.808 0.404
1.809 0.269
1.809 0.401
1.809 0.402
1.809 0.403
1.809 0.404
1.81 0.401
1.81 0.402
1.81 0.403
1.81 0.404
1.811 0.401
1.811 0.402
1.811 0.403
1.811 0.404
1.812 0.401
1.812 0.402
1.812 0.403
1.812 0.404
1.813 0.401
1.813 0.402
1.813 0.403
1.813 0.404
1.814 0.354
1.814 0.401
1.814 0.402
1.814 0.403
1.814 0.404
1.815 0.401
1.815 0.402
1.815 0.403
1.815 0.404
1.816 0.401
1.816 0.402
1.816 0.403
1.816 0.404
1.817 0.321
1.817 0.383
1.817 0.402
1.817 0.403
1.817 0.404
1.818 0.318
1.818 0.402
1.818 0.403
1.818 0.404
1.819 0.402
1.819 0.403
1.819 0.404
1.82 0.402
1.82 0.403
1.82 0.404
1.821 0.402
1.821 0.403
1.821 0.404
1.822 0.402
1.822 0.403
1.822 0.404
1.823 0.402
1.823 0.403
1.823 0.404
1.823 0.405
1.824 0.402
1.824 0.403
1.824 0.404
1.824 0.405
1.825 0.402
1.825 0.403
1.825 0.404
1.825 0.405
1.826 0.402
1.826 0.403
1.826 0.404
1.826 0.405
1.827 0.402
1.827 0.403
1.827 0.404
1.827 0.405
1.828 0.402
1.828 0.403
1.828 0.404
1.828 0.405
1.829 0.402
1.829 0.403
1.829 0.404
1.829 0.405
1.83 0.402
1.83 0.403
1.83 0.404
1.83 0.405
1.831 0.402
1.831 0.403
1.831 0.404
1.831 0.405
1.832 0.402
1.832 0.403
1.832 0.404
1.832 0.405
1.833 0.402
1.833 0.403
1.833 0.404
1.833 0.405
1.834 0.402
1.834 0.403
1.834 0.404
1.834 0.405
1.835 0.402
1.835 0.403
1.835 0.404
1.835 0.405
1.836 0.402
1.836 0.403
1.836 0.404
1.836 0.405
1.837 0.402
1.837 0.403
1.837 0.404
1.837 0.405
1.838 0.402
1.838 0.403
1.838 0.404
1.838 0.405
1.839 0.402
1.839 0.403
1.839 0.404
1.839 0.405
1.84 0.272
1.84 0.355
1.84 0.403
1.84 0.404
1.84 0.405
1.841 0.384
1.841 0.403
1.841 0.404
1.841 0.405
1.842 0.403
1.842 0.404
1.842 0.405
1.843 0.295
1.843 0.403
1.843 0.404
1.843 0.405
1.844 0.331
1.844 0.403
1.844 0.404
1.844 0.405
1.845 0.403
1.845 0.404
1.845 0.405
1.846 0.403
1.846 0.404
1.846 0.405
1.846 0.406
1.847 0.319
1.847 0.396
1.847 0.403
1.847 0.404
1.847 0.405
1.847 0.406
1.848 0.319
1.848 0.403
1.848 0.404
1.848 0.405
1.848 0.406
1.849 0.403
1.849 0.404
1.849 0.405
1.849 0.406
1.85 0.403
1.85 0.404
1.85 0.405
1.85 0.406
1.851 0.403
1.851 0.404
1.851 0.405
1.851 0.406
1.852 0.403
1.852 0.404
1.852 0.405
1.852 0.406
1.853 0.403
1.853 0.404
1.853 0.405
1.853 0.406
1.854 0.403
1.854 0.404
1.854 0.405
1.854 0.406
1.855 0.403
1.855 0.404
1.855 0.405
1.855 0.406
1.856 0.403
1.856 0.404
1.856 0.405
1.856 0.406
1.857 0.403
1.857 0.404
1.857 0.405
1.857 0.406
1.858 0.403
1.858 0.404
1.858 0.405
1.858 0.406
1.859 0.275
1.859 0.403
1.859 0.404
1.859 0.405
1.859 0.406
1.86 0.37
1.86 0.403
1.86 0.404
1.86 0.405
1.86 0.406
1.861 0.403
1.861 0.404
1.861 0.405
1.861 0.406
1.862 0.403
1.862 0.404
1.862 0.405
1.862 0.406
1.863 0.404
1.863 0.405
1.863 0.406
1.864 0.404
1.864 0.405
1.864 0.406
1.865 0.385
1.865 0.404
1.865 0.405
1.865 0.406
1.866 0.356
1.866 0.404
1.866 0.405
1.866 0.406
1.867 0.404
1.867 0.405
1.867 0.406
1.868 0.404
1.868 0.405
1.868 0.406
1.868 0.407
1.869 0.404
1.869 0.405
1.869 0.406
1.869 0.407
1.87 0.404
1.87 0.405
1.87 0.406
1.87 0.407
1.871 0.404
1.871 0.405
1.871 0.406
1.871 0.407
1.872 0.332
1.872 0.404
1.872 0.405
1.872 0.406
1.872 0.407
1.873 0.404
1.873 0.405
1.873 0.406
1.873 0.407
1.874 0.323
1.874 0.404
1.874 0.405
1.874 0.406
1.874 0.407
1.875 0.404
1.875 0.405
1.875 0.406
1.875 0.407
1.876 0.273
1.876 0.32
1.876 0.404
1.876 0.405
1.876 0.406
1.876 0.407
1.877 0.32
1.877 0.404
1.877 0.405
1.877 0.406
1.877 0.407
1.878 0.32
1.878 0.404
1.878 0.405
1.878 0.406
1.878 0.407
1.879 0.32
1.879 0.404
1.879 0.405
1.879 0.406
1.879 0.407
1.88 0.404
1.88 0.405
1.88 0.406
1.88 0.407
1.881 0.25
1.881 0.404
1.881 0.405
1.881 0.406
1.881 0.407
1.882 0.404
1.882 0.405
1.882 0.406
1.882 0.407
1.883 0.404
1.883 0.405
1.883 0.406
1.883 0.407
1.884 0.404
1.884 0.405
1.884 0.406
1.884 0.407
1.885 0.363
1.885 0.404
1.885 0.405
1.885 0.406
1.885 0.407
1.886 0.405
1.886 0.406
1.886 0.407
1.887 0.405
1.887 0.406
1.887 0.407
1.888 0.405
1.888 0.406
1.888 0.407
1.889 0.386
1.889 0.405
1.889 0.406
1.889 0.407
1.89 0.405
1.89 0.406
1.89 0.407
1.891 0.256
1.891 0.298
1.891 0.405
1.891 0.406
1.891 0.407
1.891 0.408
1.892 0.357
1.892 0.405
1.892 0.406
1.892 0.407
1.892 0.408
1.893 0.405
1.893 0.406
1.893 0.407
1.893 0.408
1.894 0.405
1.894 0.406
1.894 0.407
1.894 0.408
1.895 0.405
1.895 0.406
1.895 0.407
1.895 0.408
1.896 0.405
1.896 0.406
1.896 0.407
1.896 0.408
1.897 0.405
1.897 0.406
1.897 0.407
1.897 0.408
1.898 0.405
1.898 0.406
1.898 0.407
1.898 0.408
1.899 0.405
1.899 0.406
1.899 0.407
1.899 0.408
1.9 0.405
1.9 0.406
1.9 0.407
1.9 0.408
1.901 0.405
1.901 0.406
1.901 0.407
1.901 0.408
1.902 0.405
1.902 0.406
1.902 0.407
1.902 0.408
1.903 0.405
1.903 0.406
1.903 0.407
1.903 0.408
1.904 0.405
1.904 0.406
1.904 0.407
1.904 0.408
1.905 0.296
1.905 0.405
1.905 0.406
1.905 0.407
1.905 0.408
1.906 0.321
1.906 0.405
1.906 0.406
1.906 0.407
1.906 0.408
1.907 0.321
1.907 0.405
1.907 0.406
1.907 0.407
1.907 0.408
1.908 0.321
1.908 0.405
1.908 0.406
1.908 0.407
1.908 0.408
1.909 0.321
1.909 0.405
1.909 0.406
1.909 0.407
1.909 0.408
1.91 0.406
1.91 0.407
1.91 0.408
1.911 0.406
1.911 0.407
1.911 0.408
1.912 0.406
1.912 0.407
1.912 0.408
1.913 0.406
1.913 0.407
1.913 0.408
1.914 0.387
1.914 0.406
1.914 0.407
1.914 0.408
1.915 0.406
1.915 0.407
1.915 0.408
1.915 0.409
1.916 0.251
1.916 0.406
1.916 0.407
1.916 0.408
1.916 0.409
1.917 0.406
1.917 0.407
1.917 0.408
1.917 0.409
1.918 0.252
1.918 0.406
1.918 0.407
1.918 0.408
1.918 0.409
1.919 0.358
1.919 0.406
1.919 0.407
1.919 0.408
1.919 0.409
1.92 0.406
1.92 0.407
1.92 0.408
1.92 0.409
1.921 0.406
1.921 0.407
1.921 0.408
1.921 0.409
1.922 0.406
1.922 0.407
1.922 0.408
1.922 0.409
1.923 0.338
1.923 0.406
1.923 0.407
1.923 0.408
1.923 0.409
1.924 0.406
1.924 0.407
1.924 0.408
1.924 0.409
1.925 0.406
1.925 0.407
1.925 0.408
1.925 0.409
1.926 0.406
1.926 0.407
1.926 0.408
1.926 0.409
1.927 0.406
1.927 0.407
1.927 0.408
1.927 0.409
1.928 0.257
1.928 0.406
1.928 0.407
1.928 0.408
1.928 0.409
1.929 0.334
1.929 0.406
1.929 0.407
1.929 0.408
1.929 0.409
1.93 0.406
1.93 0.407
1.93 0.408
1.93 0.409
1.931 0.406
1.931 0.407
1.931 0.408
1.931 0.409
1.932 0.406
1.932 0.407
1.932 0.408
1.932 0.409
1.933 0.263
1.933 0.325
1.933 0.407
1.933 0.408
1.933 0.409
1.934 0.407
1.934 0.408
1.934 0.409
1.935 0.407
1.935 0.408
1.935 0.409
1.936 0.322
1.936 0.407
1.936 0.408
1.936 0.409
1.937 0.322
1.937 0.407
1.937 0.408
1.937 0.409
1.938 0.322
1.938 0.407
1.938 0.408
1.938 0.409
1.938 0.41
1.939 0.388
1.939 0.407
1.939 0.408
1.939 0.409
1.939 0.41
1.94 0.407
1.94 0.408
1.94 0.409
1.94 0.41
1.941 0.407
1.941 0.408
1.941 0.409
1.941 0.41
1.942 0.407
1.942 0.408
1.942 0.409
1.942 0.41
1.943 0.407
1.943 0.408
1.943 0.409
1.943 0.41
1.944 0.407
1.944 0.408
1.944 0.409
1.944 0.41
1.945 0.407
1.945 0.408
1.945 0.409
1.945 0.41
1.946 0.359
1.946 0.407
1.946 0.408
1.946 0.409
1.946 0.41
1.947 0.407
1.947 0.408
1.947 0.409
1.947 0.41
1.948 0.407
1.948 0.408
1.948 0.409
1.948 0.41
1.949 0.407
1.949 0.408
1.949 0.409
1.949 0.41
1.95 0.407
1.95 0.408
1.95 0.409
1.95 0.41
1.951 0.407
1.951 0.408
1.951 0.409
1.951 0.41
1.952 0.407
1.952 0.408
1.952 0.409
1.952 0.41
1.953 0.407
1.953 0.408
1.953 0.409
1.953 0.41
1.954 0.407
1.954 0.408
1.954 0.409
1.954 0.41
1.955 0.407
1.955 0.408
1.955 0.409
1.955 0.41
1.956 0.407
1.956 0.408
1.956 0.409
1.956 0.41
1.957 0.408
1.957 0.409
1.957 0.41
1.958 0.252
1.958 0.335
1.958 0.408
1.958 0.409
1.958 0.41
1.959 0.408
1.959 0.409
1.959 0.41
1.96 0.408
1.96 0.409
1.96 0.41
1.961 0.408
1.961 0.409
1.961 0.41
1.962 0.408
1.962 0.409
1.962 0.41
1.962 0.411
1.963 0.326
1.963 0.408
1.963 0.409
1.963 0.41
1.963 0.411
1.964 0.389
1.964 0.408
1.964 0.409
1.964 0.41
1.964 0.411
1.965 0.408
1.965 0.409
1.965 0.41
1.965 0.411
1.966 0.323
1.966 0.408
1.966 0.409
1.966 0.41
1.966 0.411
1.967 0.366
1.967 0.408
1.967 0.409
1.967 0.41
1.967 0.411
1.968 0.408
1.968 0.409
1.968 0.41
1.968 0.411
1.969 0.375
1.969 0.408
1.969 0.409
1.969 0.41
1.969 0.411
1.97 0.408
1.97 0.409
1.97 0.41
1.97 0.411
1.971 0.408
1.971 0.409
1.971 0.41
1.971 0.411
1.972 0.408
1.972 0.409
1.972 0.41
1.972 0.411
1.973 0.36
1.973 0.408
1.973 0.409
1.973 0.41
1.973 0.411
1.974 0.408
1.974 0.409
1.974 0.41
1.974 0.411
1.975 0.408
1.975 0.409
1.975 0.41
1.975 0.411
1.976 0.408
1.976 0.409
1.976 0.41
1.976 0.411
1.977 0.408
1.977 0.409
1.977 0.41
1.977 0.411
1.978 0.408
1.978 0.409
1.978 0.41
1.978 0.411
1.979 0.408
1.979 0.409
1.979 0.41
1.979 0.411
1.98 0.408
1.98 0.409
1.98 0.41
1.98 0.411
1.981 0.409
1.981 0.41
1.981 0.411
1.982 0.409
1.982 0.41
1.982 0.411
1.983 0.409
1.983 0.41
1.983 0.411
1.984 0.409
1.984 0.41
1.984 0.411
1.985 0.409
1.985 0.41
1.985 0.411
1.986 0.409
1.986 0.41
1.986 0.411
1.986 0.412
1.987 0.409
1.987 0.41
1.987 0.411
1.987 0.412
1.988 0.409
1.988 0.41
1.988 0.411
1.988 0.412
1.989 0.39
1.989 0.409
1.989 0.41
1.989 0.411
1.989 0.412
1.99 0.409
1.99 0.41
1.99 0.411
1.99 0.412
1.991 0.409
1.991 0.41
1.991 0.411
1.991 0.412
1.992 0.409
1.992 0.41
1.992 0.411
1.992 0.412
1.993 0.327
1.993 0.409
1.993 0.41
1.993 0.411
1.993 0.412
1.994 0.409
1.994 0.41
1.994 0.411
1.994 0.412
1.995 0.409
1.995 0.41
1.995 0.411
1.995 0.412
1.996 0.409
1.996 0.41
1.996 0.411
1.996 0.412
1.997 0.264
1.997 0.409
1.997 0.41
1.997 0.411
1.997 0.412
1.998 0.409
1.998 0.41
1.998 0.411
1.998 0.412
1.999 0.409
1.999 0.41
1.999 0.411
1.999 0.412
