0.01 0.104
0.01 0.12
0.011 0.106
0.011 0.122
0.011 0.14
0.012 0.124
0.013 0.105
0.013 0.126
0.014 0.128
0.014 0.147
0.015 0.104
0.015 0.13
0.015 0.149
0.016 0.151
0.017 0.133
0.018 0.117
0.02 0.158
0.022 0.14
0.022 0.161
0.023 0.141
0.024 0.124
0.024 0.143
0.025 0.125
0.025 0.144
0.025 0.165
0.026 0.126
0.026 0.145
0.027 0.146
0.028 0.147
0.028 0.169
0.029 0.148
0.029 0.17
0.03 0.149
0.031 0.15
0.032 0.151
0.033 0.152
0.034 0.153
0.035 0.128
0.035 0.154
0.036 0.155
0.038 0.156
0.039 0.157
0.04 0.158
0.041 0.138
0.041 0.159
0.042 0.117
0.042 0.183
0.043 0.16
0.043 0.184
0.044 0.161
0.045 0.124
0.046 0.162
0.047 0.163
0.048 0.188
0.049 0.143
0.049 0.164
0.049 0.189
0.05 0.165
0.051 0.138
0.051 0.144
0.051 0.166
0.052 0.166
0.052 0.191
0.053 0.167
0.053 0.192
0.054 0.168
0.055 0.168
0.056 0.169
0.056 0.194
0.057 0.13
0.057 0.17
0.058 0.17
0.059 0.148
0.059 0.171
0.059 0.196
0.06 0.171
0.06 0.172
0.061 0.156
0.061 0.172
0.062 0.172
0.062 0.173
0.062 0.198
0.063 0.157
0.063 0.173
0.064 0.173
0.064 0.174
0.065 0.158
0.065 0.174
0.065 0.2
0.066 0.175
0.067 0.175
0.067 0.201
0.068 0.176
0.069 0.153
0.069 0.176
0.07 0.177
0.07 0.203
0.071 0.154
0.071 0.177
0.072 0.178
0.072 0.204
0.073 0.178
0.074 0.179
0.074 0.205
0.075 0.179
0.076 0.156
0.076 0.163
0.076 0.18
0.077 0.18
0.078 0.18
0.078 0.181
0.079 0.181
0.08 0.151
0.08 0.181
0.08 0.182
0.081 0.158
0.081 0.182
0.081 0.209
0.082 0.182
0.083 0.183
0.083 0.21
0.084 0.183
0.085 0.184
0.085 0.211
0.086 0.16
0.086 0.184
0.087 0.184
0.087 0.185
0.087 0.212
0.088 0.185
0.089 0.138
0.089 0.161
0.089 0.185
0.09 0.186
0.091 0.169
0.091 0.186
0.092 0.162
0.093 0.187
0.094 0.187
0.094 0.215
0.095 0.188
0.096 0.188
0.096 0.216
0.097 0.188
0.098 0.189
0.098 0.217
0.099 0.189
0.1 0.218
0.101 0.19
0.102 0.19
0.103 0.191
0.103 0.219
0.104 0.191
0.105 0.192
0.105 0.22
0.106 0.192
0.107 0.167
0.107 0.192
0.108 0.193
0.109 0.193
0.11 0.168
0.11 0.193
0.11 0.194
0.11 0.222
0.111 0.194
0.112 0.194
0.112 0.223
0.113 0.169
0.113 0.194
0.113 0.195
0.114 0.195
0.115 0.195
0.115 0.224
0.116 0.195
0.116 0.196
0.117 0.196
0.118 0.178
0.118 0.196
0.118 0.225
0.119 0.196
0.119 0.197
0.12 0.197
0.12 0.226
0.121 0.197
0.122 0.197
0.122 0.198
0.123 0.198
0.123 0.227
0.124 0.198
0.125 0.198
0.125 0.199
0.126 0.199
0.126 0.228
0.127 0.199
0.128 0.199
0.128 0.2
0.128 0.229
0.129 0.2
0.13 0.2
0.131 0.2
0.131 0.201
0.131 0.23
0.132 0.2
0.132 0.201
0.133 0.201
0.134 0.201
0.134 0.202
0.134 0.231
0.135 0.201
0.135 0.202
0.136 0.202
0.137 0.202
0.137 0.203
0.137 0.232
0.138 0.202
0.138 0.203
0.139 0.203
0.14 0.203
0.14 0.233
0.141 0.203
0.141 0.204
0.142 0.203
0.142 0.204
0.143 0.204
0.143 0.234
0.144 0.204
0.144 0.205
0.145 0.204
0.145 0.205
0.146 0.205
0.146 0.235
0.147 0.186
0.147 0.205
0.148 0.205
0.148 0.206
0.149 0.171
0.149 0.205
0.149 0.206
0.149 0.236
0.15 0.206
0.151 0.187
0.151 0.206
0.152 0.206
0.152 0.207
0.152 0.237
0.153 0.206
0.153 0.207
0.153 0.237
0.154 0.207
0.155 0.18
0.155 0.207
0.156 0.207
0.156 0.208
0.156 0.238
0.157 0.208
0.158 0.206
0.158 0.208
0.159 0.181
0.159 0.208
0.159 0.239
0.16 0.181
0.16 0.208
0.16 0.209
0.161 0.209
0.162 0.209
0.162 0.24
0.163 0.209
0.163 0.24
0.164 0.182
0.164 0.209
0.164 0.21
0.165 0.21
0.166 0.21
0.166 0.241
0.167 0.21
0.168 0.183
0.168 0.21
0.168 0.211
0.169 0.183
0.169 0.211
0.169 0.242
0.17 0.211
0.171 0.211
0.172 0.211
0.172 0.212
0.173 0.184
0.173 0.212
0.173 0.243
0.174 0.212
0.175 0.212
0.176 0.212
0.176 0.213
0.176 0.244
0.177 0.177
0.177 0.213
0.177 0.244
0.178 0.185
0.178 0.213
0.179 0.213
0.18 0.213
0.18 0.245
0.181 0.213
0.181 0.214
0.182 0.214
0.183 0.186
0.183 0.214
0.183 0.246
0.184 0.214
0.184 0.246
0.185 0.214
0.185 0.215
0.186 0.161
0.186 0.215
0.187 0.215
0.187 0.247
0.188 0.187
0.188 0.215
0.188 0.247
0.189 0.215
0.19 0.216
0.191 0.196
0.191 0.216
0.191 0.248
0.192 0.216
0.192 0.248
0.193 0.188
0.193 0.216
0.194 0.216
0.194 0.217
0.195 0.217
0.195 0.249
0.196 0.217
0.196 0.249
0.197 0.217
0.198 0.181
0.198 0.189
0.198 0.217
0.198 0.218
0.199 0.218
0.199 0.25
0.2 0.218
0.201 0.198
0.201 0.218
0.202 0.218
0.203 0.19
0.203 0.218
0.203 0.219
0.203 0.251
0.204 0.164
0.204 0.19
0.204 0.219
0.204 0.251
0.205 0.219
0.206 0.199
0.206 0.219
0.207 0.219
0.207 0.22
0.207 0.252
0.208 0.191
0.208 0.219
0.208 0.22
0.208 0.252
0.209 0.191
0.209 0.22
0.21 0.22
0.211 0.22
0.211 0.221
0.211 0.253
0.212 0.22
0.212 0.221
0.212 0.253
0.213 0.221
0.214 0.192
0.214 0.221
0.215 0.192
0.215 0.221
0.215 0.254
0.216 0.173
0.216 0.221
0.216 0.222
0.216 0.254
0.217 0.221
0.217 0.222
0.218 0.222
0.219 0.222
0.219 0.255
0.22 0.193
0.22 0.222
0.22 0.223
0.22 0.255
0.221 0.222
0.221 0.223
0.222 0.202
0.222 0.222
0.222 0.223
0.223 0.223
0.224 0.223
0.224 0.256
0.225 0.194
0.225 0.223
0.225 0.224
0.225 0.256
0.226 0.194
0.226 0.223
0.226 0.224
0.227 0.223
0.227 0.224
0.228 0.224
0.228 0.257
0.229 0.224
0.229 0.257
0.23 0.224
0.23 0.225
0.231 0.195
0.231 0.224
0.231 0.225
0.232 0.195
0.232 0.224
0.232 0.225
0.233 0.187
0.233 0.225
0.233 0.258
0.234 0.225
0.234 0.258
0.235 0.225
0.235 0.226
0.236 0.225
0.236 0.226
0.237 0.196
0.237 0.225
0.237 0.226
0.237 0.259
0.238 0.196
0.238 0.225
0.238 0.226
0.238 0.259
0.239 0.205
0.239 0.226
0.24 0.226
0.24 0.227
0.241 0.226
0.241 0.227
0.242 0.226
0.242 0.227
0.242 0.26
0.243 0.197
0.243 0.226
0.243 0.227
0.243 0.26
0.244 0.197
0.244 0.227
0.245 0.206
0.245 0.227
0.245 0.228
0.246 0.227
0.246 0.228
0.246 0.261
0.247 0.227
0.247 0.228
0.247 0.261
0.248 0.227
0.248 0.228
0.248 0.261
0.249 0.198
0.249 0.228
0.25 0.198
0.25 0.228
0.251 0.198
0.251 0.207
0.251 0.228
0.251 0.229
0.251 0.262
0.252 0.228
0.252 0.229
0.252 0.261
0.252 0.262
0.253 0.228
0.253 0.229
0.254 0.228
0.254 0.229
0.255 0.229
0.256 0.199
0.256 0.229
0.256 0.23
0.256 0.263
0.257 0.199
0.257 0.208
0.257 0.229
0.257 0.23
0.257 0.263
0.258 0.229
0.258 0.23
0.259 0.191
0.259 0.229
0.259 0.23
0.26 0.229
0.26 0.23
0.261 0.23
0.261 0.264
0.262 0.2
0.262 0.23
0.262 0.231
0.262 0.264
0.263 0.2
0.263 0.23
0.263 0.231
0.263 0.275
0.264 0.23
0.264 0.231
0.265 0.23
0.265 0.231
0.266 0.231
0.266 0.265
0.267 0.231
0.267 0.265
0.268 0.231
0.268 0.232
0.269 0.201
0.269 0.231
0.269 0.232
0.27 0.201
0.27 0.231
0.27 0.232
0.271 0.231
0.271 0.232
0.271 0.266
0.272 0.232
0.272 0.266
0.273 0.232
0.274 0.232
0.274 0.233
0.275 0.232
0.275 0.233
0.276 0.202
0.276 0.232
0.276 0.233
0.276 0.267
0.277 0.202
0.277 0.232
0.277 0.233
0.277 0.267
0.278 0.231
0.278 0.233
0.279 0.233
0.28 0.194
0.28 0.233
0.28 0.234
0.281 0.233
0.281 0.234
0.281 0.268
0.282 0.233
0.282 0.234
0.282 0.268
0.283 0.203
0.283 0.233
0.283 0.234
0.283 0.268
0.284 0.203
0.284 0.234
0.285 0.234
0.285 0.268
0.286 0.234
0.286 0.235
0.286 0.269
0.287 0.234
0.287 0.235
0.287 0.269
0.288 0.234
0.288 0.235
0.288 0.269
0.289 0.234
0.289 0.235
0.29 0.204
0.29 0.235
0.291 0.204
0.291 0.235
0.292 0.235
0.292 0.236
0.292 0.27
0.293 0.235
0.293 0.236
0.293 0.27
0.294 0.235
0.294 0.236
0.295 0.235
0.295 0.236
0.296 0.235
0.296 0.236
0.297 0.205
0.297 0.236
0.297 0.271
0.298 0.236
0.298 0.271
0.299 0.236
0.299 0.237
0.299 0.271
0.3 0.236
0.3 0.237
0.301 0.236
0.301 0.237
0.302 0.236
0.302 0.237
0.303 0.237
0.303 0.272
0.304 0.206
0.304 0.237
0.304 0.272
0.305 0.237
0.305 0.238
0.306 0.237
0.306 0.238
0.307 0.237
0.307 0.238
0.308 0.237
0.308 0.238
0.308 0.273
0.309 0.238
0.309 0.273
0.31 0.198
0.31 0.238
0.31 0.273
0.311 0.207
0.311 0.238
0.312 0.238
0.312 0.239
0.313 0.238
0.313 0.239
0.314 0.238
0.314 0.239
0.314 0.274
0.315 0.238
0.315 0.239
0.315 0.274
0.316 0.239
0.316 0.274
0.317 0.239
0.318 0.199
0.318 0.239
0.319 0.208
0.319 0.239
0.319 0.24
0.32 0.239
0.32 0.24
0.32 0.275
0.321 0.239
0.321 0.24
0.321 0.275
0.322 0.239
0.322 0.24
0.322 0.275
0.323 0.24
0.324 0.24
0.325 0.218
0.325 0.24
0.326 0.2
0.326 0.24
0.326 0.241
0.326 0.276
0.327 0.24
0.327 0.241
0.327 0.276
0.328 0.24
0.328 0.241
0.329 0.241
0.33 0.241
0.331 0.241
0.332 0.241
0.332 0.277
0.333 0.241
0.333 0.242
0.333 0.277
0.334 0.241
0.334 0.242
0.335 0.241
0.335 0.242
0.336 0.242
0.337 0.242
0.338 0.242
0.338 0.278
0.339 0.242
0.339 0.278
0.34 0.242
0.34 0.278
0.341 0.242
0.341 0.243
0.342 0.242
0.342 0.243
0.343 0.243
0.344 0.243
0.344 0.279
0.345 0.243
0.345 0.279
0.346 0.243
0.346 0.279
0.347 0.243
0.348 0.221
0.348 0.243
0.348 0.244
0.349 0.243
0.349 0.244
0.35 0.244
0.35 0.28
0.351 0.244
0.351 0.28
0.352 0.244
0.352 0.28
0.353 0.244
0.354 0.181
0.354 0.244
0.354 0.245
0.355 0.244
0.355 0.245
0.356 0.222
0.356 0.244
0.356 0.245
0.356 0.281
0.357 0.244
0.357 0.245
0.357 0.281
0.358 0.245
0.358 0.25
0.358 0.281
0.359 0.245
0.36 0.204
0.36 0.245
0.361 0.245
0.361 0.246
0.362 0.245
0.362 0.246
0.363 0.245
0.363 0.246
0.363 0.282
0.364 0.245
0.364 0.246
0.364 0.282
0.365 0.246
0.365 0.282
0.366 0.246
0.367 0.246
0.368 0.246
0.368 0.247
0.369 0.205
0.369 0.246
0.369 0.247
0.369 0.283
0.37 0.246
0.37 0.247
0.37 0.283
0.371 0.246
0.371 0.247
0.371 0.283
0.372 0.246
0.372 0.247
0.373 0.247
0.374 0.247
0.374 0.269
0.375 0.198
0.375 0.247
0.375 0.248
0.376 0.215
0.376 0.247
0.376 0.248
0.376 0.284
0.377 0.247
0.377 0.248
0.377 0.284
0.378 0.206
0.378 0.247
0.378 0.248
0.378 0.284
0.379 0.247
0.379 0.248
0.38 0.248
0.381 0.248
0.382 0.248
0.382 0.249
0.382 0.285
0.383 0.248
0.383 0.249
0.383 0.285
0.384 0.248
0.384 0.249
0.384 0.285
0.385 0.216
0.385 0.248
0.385 0.249
0.385 0.285
0.386 0.248
0.386 0.249
0.387 0.248
0.387 0.249
0.388 0.249
0.389 0.249
0.389 0.25
0.389 0.286
0.39 0.249
0.39 0.25
0.39 0.286
0.391 0.249
0.391 0.25
0.391 0.286
0.392 0.249
0.392 0.25
0.393 0.195
0.393 0.249
0.393 0.25
0.394 0.217
0.394 0.249
0.394 0.25
0.395 0.249
0.395 0.25
0.396 0.25
0.396 0.287
0.397 0.25
0.397 0.251
0.397 0.287
0.398 0.227
0.398 0.25
0.398 0.251
0.398 0.287
0.399 0.25
0.399 0.251
0.4 0.25
0.4 0.251
0.401 0.25
0.401 0.251
0.402 0.25
0.402 0.251
0.403 0.218
0.403 0.25
0.403 0.251
0.403 0.288
0.404 0.218
0.404 0.251
0.404 0.288
0.405 0.251
0.405 0.252
0.405 0.288
0.406 0.251
0.406 0.252
0.407 0.251
0.407 0.252
0.408 0.251
0.408 0.252
0.409 0.251
0.409 0.252
0.41 0.251
0.41 0.252
0.41 0.289
0.411 0.251
0.411 0.252
0.411 0.289
0.412 0.252
0.412 0.289
0.413 0.219
0.413 0.252
0.413 0.253
0.414 0.252
0.414 0.253
0.415 0.252
0.415 0.253
0.416 0.21
0.416 0.252
0.416 0.253
0.417 0.252
0.417 0.253
0.417 0.29
0.418 0.252
0.418 0.253
0.418 0.29
0.419 0.252
0.419 0.253
0.419 0.29
0.42 0.253
0.42 0.29
0.421 0.253
0.421 0.254
0.422 0.22
0.422 0.253
0.422 0.254
0.423 0.22
0.423 0.253
0.423 0.254
0.424 0.253
0.424 0.254
0.424 0.291
0.425 0.23
0.425 0.238
0.425 0.253
0.425 0.254
0.425 0.291
0.426 0.211
0.426 0.253
0.426 0.254
0.426 0.291
0.427 0.253
0.427 0.254
0.427 0.291
0.428 0.253
0.428 0.254
0.429 0.254
0.429 0.255
0.43 0.254
0.43 0.255
0.431 0.254
0.431 0.255
0.432 0.221
0.432 0.254
0.432 0.255
0.432 0.292
0.433 0.221
0.433 0.254
0.433 0.255
0.433 0.292
0.434 0.221
0.434 0.239
0.434 0.254
0.434 0.255
0.434 0.292
0.435 0.199
0.435 0.254
0.435 0.255
0.436 0.254
0.436 0.255
0.437 0.255
0.437 0.256
0.438 0.255
0.438 0.256
0.439 0.255
0.439 0.256
0.439 0.293
0.44 0.255
0.44 0.256
0.44 0.293
0.441 0.255
0.441 0.256
0.441 0.293
0.442 0.222
0.442 0.255
0.442 0.256
0.442 0.293
0.443 0.222
0.443 0.255
0.443 0.256
0.444 0.222
0.444 0.255
0.444 0.256
0.445 0.255
0.445 0.256
0.446 0.256
0.446 0.257
0.446 0.294
0.447 0.256
0.447 0.257
0.447 0.294
0.448 0.256
0.448 0.257
0.448 0.294
0.449 0.256
0.449 0.257
0.449 0.294
0.45 0.256
0.45 0.257
0.451 0.256
0.451 0.257
0.452 0.223
0.452 0.256
0.452 0.257
0.453 0.223
0.453 0.256
0.453 0.257
0.454 0.223
0.454 0.256
0.454 0.257
0.454 0.295
0.455 0.257
0.455 0.258
0.455 0.295
0.456 0.257
0.456 0.258
0.456 0.295
0.457 0.257
0.457 0.258
0.457 0.295
0.458 0.257
0.458 0.258
0.459 0.257
0.459 0.258
0.46 0.257
0.46 0.258
0.461 0.257
0.461 0.258
0.462 0.224
0.462 0.257
0.462 0.258
0.462 0.296
0.463 0.224
0.463 0.257
0.463 0.258
0.463 0.296
0.464 0.224
0.464 0.258
0.464 0.259
0.464 0.296
0.465 0.224
0.465 0.258
0.465 0.259
0.465 0.296
0.466 0.258
0.466 0.259
0.467 0.258
0.467 0.259
0.468 0.215
0.468 0.258
0.468 0.259
0.469 0.258
0.469 0.259
0.47 0.258
0.47 0.259
0.47 0.297
0.471 0.258
0.471 0.259
0.471 0.297
0.472 0.225
0.472 0.258
0.472 0.259
0.472 0.297
0.473 0.225
0.473 0.259
0.473 0.26
0.473 0.297
0.474 0.225
0.474 0.259
0.474 0.26
0.475 0.225
0.475 0.259
0.475 0.26
0.476 0.259
0.476 0.26
0.477 0.259
0.477 0.26
0.478 0.259
0.478 0.26
0.478 0.298
0.479 0.216
0.479 0.259
0.479 0.26
0.479 0.298
0.48 0.259
0.48 0.26
0.48 0.298
0.481 0.259
0.481 0.26
0.481 0.298
0.482 0.26
0.482 0.261
0.483 0.226
0.483 0.26
0.483 0.261
0.484 0.226
0.484 0.26
0.484 0.261
0.485 0.226
0.485 0.26
0.485 0.261
0.486 0.226
0.486 0.26
0.486 0.261
0.486 0.299
0.487 0.26
0.487 0.261
0.487 0.299
0.488 0.26
0.488 0.261
0.488 0.299
0.489 0.26
0.489 0.261
0.489 0.299
0.49 0.26
0.49 0.261
0.491 0.261
0.492 0.261
0.492 0.262
0.493 0.261
0.493 0.262
0.494 0.214
0.494 0.227
0.494 0.261
0.494 0.262
0.494 0.3
0.495 0.227
0.495 0.261
0.495 0.262
0.495 0.3
0.496 0.227
0.496 0.261
0.496 0.262
0.496 0.3
0.497 0.227
0.497 0.261
0.497 0.262
0.497 0.3
0.498 0.261
0.498 0.262
0.499 0.261
0.499 0.262
0.5 0.261
0.5 0.262
0.501 0.262
0.502 0.262
0.502 0.263
0.502 0.301
0.503 0.262
0.503 0.263
0.503 0.301
0.504 0.262
0.504 0.263
0.504 0.301
0.505 0.228
0.505 0.262
0.505 0.263
0.505 0.301
0.506 0.228
0.506 0.262
0.506 0.263
0.507 0.228
0.507 0.262
0.507 0.263
0.508 0.228
0.508 0.262
0.508 0.263
0.509 0.262
0.509 0.263
0.51 0.263
0.511 0.263
0.511 0.302
0.512 0.263
0.512 0.264
0.512 0.302
0.513 0.263
0.513 0.264
0.513 0.302
0.514 0.263
0.514 0.264
0.514 0.302
0.515 0.239
0.515 0.263
0.515 0.264
0.516 0.229
0.516 0.263
0.516 0.264
0.517 0.229
0.517 0.263
0.517 0.264
0.518 0.229
0.518 0.263
0.518 0.264
0.519 0.229
0.519 0.263
0.519 0.264
0.519 0.303
0.52 0.264
0.52 0.303
0.521 0.264
0.521 0.303
0.522 0.264
0.522 0.265
0.522 0.303
0.523 0.264
0.523 0.265
0.523 0.303
0.524 0.264
0.524 0.265
0.525 0.22
0.525 0.264
0.525 0.265
0.526 0.264
0.526 0.265
0.527 0.23
0.527 0.264
0.527 0.265
0.528 0.23
0.528 0.264
0.528 0.265
0.528 0.304
0.529 0.23
0.529 0.264
0.529 0.265
0.529 0.304
0.53 0.23
0.53 0.265
0.53 0.304
0.531 0.265
0.531 0.304
0.532 0.265
0.532 0.266
0.533 0.265
0.533 0.266
0.534 0.265
0.534 0.266
0.535 0.265
0.535 0.266
0.536 0.265
0.536 0.266
0.536 0.305
0.537 0.221
0.537 0.241
0.537 0.265
0.537 0.266
0.537 0.305
0.538 0.265
0.538 0.266
0.538 0.305
0.539 0.231
0.539 0.265
0.539 0.266
0.539 0.305
0.54 0.231
0.54 0.266
0.54 0.305
0.541 0.231
0.541 0.266
0.542 0.231
0.542 0.266
0.543 0.266
0.543 0.267
0.544 0.266
0.544 0.267
0.545 0.266
0.545 0.267
0.545 0.306
0.546 0.266
0.546 0.267
0.546 0.306
0.547 0.266
0.547 0.267
0.547 0.306
0.548 0.242
0.548 0.266
0.548 0.267
0.548 0.306
0.549 0.266
0.549 0.267
0.549 0.306
0.55 0.232
0.55 0.266
0.55 0.267
0.551 0.232
0.551 0.267
0.552 0.232
0.552 0.267
0.553 0.232
0.553 0.267
0.554 0.232
0.554 0.267
0.554 0.268
0.554 0.307
0.555 0.267
0.555 0.268
0.555 0.307
0.556 0.205
0.556 0.267
0.556 0.268
0.556 0.307
0.557 0.267
0.557 0.268
0.557 0.307
0.558 0.267
0.558 0.268
0.558 0.307
0.559 0.267
0.559 0.268
0.56 0.267
0.56 0.268
0.561 0.268
0.562 0.223
0.562 0.233
0.562 0.268
0.563 0.233
0.563 0.268
0.563 0.308
0.564 0.233
0.564 0.268
0.564 0.308
0.565 0.233
0.565 0.268
0.565 0.269
0.565 0.308
0.566 0.233
0.566 0.268
0.566 0.269
0.566 0.308
0.567 0.268
0.567 0.269
0.567 0.308
0.568 0.268
0.568 0.269
0.569 0.268
0.569 0.269
0.57 0.268
0.57 0.269
0.571 0.244
0.571 0.268
0.571 0.269
0.572 0.269
0.572 0.309
0.573 0.269
0.573 0.309
0.574 0.269
0.574 0.309
0.575 0.234
0.575 0.269
0.575 0.309
0.576 0.234
0.576 0.269
0.576 0.27
0.576 0.309
0.577 0.234
0.577 0.269
0.577 0.27
0.578 0.234
0.578 0.269
0.578 0.27
0.579 0.269
0.579 0.27
0.58 0.269
0.58 0.27
0.581 0.269
0.581 0.27
0.582 0.27
0.582 0.31
0.583 0.245
0.583 0.27
0.583 0.31
0.584 0.27
0.584 0.31
0.585 0.27
0.585 0.31
0.586 0.27
0.586 0.271
0.586 0.31
0.587 0.235
0.587 0.27
0.587 0.271
0.588 0.235
0.588 0.27
0.588 0.271
0.589 0.235
0.589 0.27
0.589 0.271
0.59 0.235
0.59 0.27
0.59 0.271
0.591 0.235
0.591 0.27
0.591 0.271
0.591 0.311
0.592 0.27
0.592 0.271
0.592 0.311
0.593 0.271
0.593 0.311
0.594 0.271
0.594 0.311
0.595 0.246
0.595 0.271
0.595 0.311
0.596 0.271
0.596 0.272
0.597 0.271
0.597 0.272
0.598 0.271
0.598 0.272
0.599 0.236
0.599 0.271
0.599 0.272
0.6 0.236
0.6 0.271
0.6 0.272
0.601 0.236
0.601 0.271
0.601 0.272
0.601 0.312
0.602 0.236
0.602 0.271
0.602 0.272
0.602 0.312
0.603 0.236
0.603 0.271
0.603 0.272
0.603 0.312
0.604 0.272
0.604 0.312
0.605 0.272
0.605 0.312
0.606 0.272
0.606 0.273
0.607 0.247
0.607 0.272
0.607 0.273
0.608 0.272
0.608 0.273
0.609 0.272
0.609 0.273
0.61 0.272
0.61 0.273
0.61 0.313
0.611 0.272
0.611 0.273
0.611 0.313
0.612 0.237
0.612 0.272
0.612 0.273
0.612 0.313
0.613 0.237
0.613 0.272
0.613 0.273
0.613 0.313
0.614 0.227
0.614 0.237
0.614 0.272
0.614 0.273
0.614 0.313
0.615 0.237
0.615 0.273
0.615 0.313
0.616 0.237
0.616 0.273
0.617 0.273
0.617 0.274
0.618 0.273
0.618 0.274
0.619 0.273
0.619 0.274
0.62 0.273
0.62 0.274
0.62 0.314
0.621 0.273
0.621 0.274
0.621 0.314
0.622 0.273
0.622 0.274
0.622 0.314
0.623 0.273
0.623 0.274
0.623 0.314
0.624 0.273
0.624 0.274
0.624 0.314
0.625 0.238
0.625 0.273
0.625 0.274
0.625 0.314
0.626 0.238
0.626 0.273
0.626 0.274
0.627 0.238
0.627 0.274
0.627 0.275
0.628 0.228
0.628 0.238
0.628 0.274
0.628 0.275
0.629 0.238
0.629 0.274
0.629 0.275
0.63 0.274
0.63 0.275
0.63 0.315
0.631 0.274
0.631 0.275
0.631 0.28
0.631 0.315
0.632 0.249
0.632 0.274
0.632 0.275
0.632 0.315
0.633 0.274
0.633 0.275
0.633 0.315
0.634 0.274
0.634 0.275
0.634 0.315
0.635 0.274
0.635 0.275
0.635 0.315
0.636 0.274
0.636 0.275
0.637 0.274
0.637 0.275
0.638 0.275
0.638 0.276
0.639 0.239
0.639 0.275
0.639 0.276
0.64 0.239
0.64 0.275
0.64 0.276
0.64 0.316
0.641 0.239
0.641 0.275
0.641 0.276
0.641 0.299
0.641 0.316
0.642 0.239
0.642 0.275
0.642 0.276
0.642 0.316
0.643 0.239
0.643 0.275
0.643 0.276
0.643 0.316
0.644 0.275
0.644 0.276
0.644 0.316
0.645 0.25
0.645 0.275
0.645 0.276
0.645 0.316
0.646 0.275
0.646 0.276
0.647 0.275
0.647 0.276
0.648 0.275
0.648 0.276
0.649 0.275
0.649 0.276
0.65 0.276
0.65 0.277
0.65 0.317
0.651 0.276
0.651 0.277
0.651 0.317
0.652 0.24
0.652 0.276
0.652 0.277
0.652 0.317
0.653 0.24
0.653 0.276
0.653 0.277
0.653 0.317
0.654 0.24
0.654 0.276
0.654 0.277
0.654 0.317
0.655 0.24
0.655 0.276
0.655 0.277
0.655 0.317
0.656 0.23
0.656 0.24
0.656 0.276
0.656 0.277
0.657 0.276
0.657 0.277
0.658 0.251
0.658 0.276
0.658 0.277
0.659 0.276
0.659 0.277
0.66 0.276
0.66 0.277
0.661 0.276
0.661 0.277
0.661 0.278
0.661 0.318
0.662 0.277
0.662 0.278
0.662 0.318
0.663 0.277
0.663 0.278
0.663 0.318
0.664 0.277
0.664 0.278
0.664 0.318
0.665 0.277
0.665 0.278
0.665 0.318
0.666 0.241
0.666 0.277
0.666 0.278
0.667 0.241
0.667 0.26
0.667 0.277
0.667 0.278
0.668 0.241
0.668 0.277
0.668 0.278
0.669 0.21
0.669 0.241
0.669 0.277
0.669 0.278
0.67 0.231
0.67 0.241
0.67 0.277
0.67 0.278
0.671 0.252
0.671 0.277
0.671 0.278
0.671 0.319
0.672 0.277
0.672 0.278
0.672 0.319
0.673 0.277
0.673 0.278
0.673 0.279
0.673 0.319
0.674 0.278
0.674 0.279
0.674 0.319
0.675 0.278
0.675 0.279
0.675 0.319
0.676 0.278
0.676 0.279
0.676 0.319
0.677 0.278
0.677 0.279
0.678 0.278
0.678 0.279
0.679 0.278
0.679 0.279
0.68 0.242
0.68 0.278
0.68 0.279
0.681 0.242
0.681 0.278
0.681 0.279
0.682 0.242
0.682 0.278
0.682 0.279
0.682 0.32
0.683 0.242
0.683 0.278
0.683 0.279
0.683 0.32
0.684 0.278
0.684 0.279
0.684 0.32
0.685 0.232
0.685 0.278
0.685 0.279
0.685 0.28
0.685 0.32
0.686 0.279
0.686 0.28
0.686 0.32
0.687 0.279
0.687 0.28
0.687 0.32
0.688 0.279
0.688 0.28
0.689 0.279
0.689 0.28
0.69 0.279
0.69 0.28
0.691 0.279
0.691 0.28
0.692 0.279
0.692 0.28
0.693 0.279
0.693 0.28
0.693 0.321
0.694 0.243
0.694 0.279
0.694 0.28
0.694 0.321
0.695 0.243
0.695 0.279
0.695 0.28
0.695 0.321
0.696 0.243
0.696 0.279
0.696 0.28
0.696 0.321
0.697 0.279
0.697 0.28
0.697 0.281
0.697 0.321
0.698 0.254
0.698 0.279
0.698 0.28
0.698 0.281
0.699 0.28
0.699 0.281
0.7 0.28
0.7 0.281
0.701 0.28
0.701 0.281
0.702 0.28
0.702 0.281
0.703 0.28
0.703 0.281
0.703 0.322
0.704 0.28
0.704 0.281
0.704 0.322
0.705 0.28
0.705 0.281
0.705 0.322
0.706 0.28
0.706 0.281
0.706 0.322
0.707 0.28
0.707 0.281
0.707 0.322
0.708 0.244
0.708 0.28
0.708 0.281
0.708 0.322
0.709 0.244
0.709 0.28
0.709 0.281
0.709 0.282
0.71 0.244
0.71 0.28
0.71 0.281
0.71 0.282
0.711 0.281
0.711 0.282
0.712 0.255
0.712 0.281
0.712 0.282
0.713 0.281
0.713 0.282
0.714 0.281
0.714 0.282
0.714 0.323
0.715 0.234
0.715 0.281
0.715 0.282
0.715 0.323
0.716 0.281
0.716 0.282
0.716 0.323
0.717 0.281
0.717 0.282
0.717 0.323
0.718 0.281
0.718 0.282
0.718 0.323
0.719 0.281
0.719 0.282
0.719 0.323
0.72 0.281
0.72 0.282
0.721 0.281
0.721 0.282
0.722 0.281
0.722 0.282
0.722 0.283
0.723 0.245
0.723 0.281
0.723 0.282
0.723 0.283
0.724 0.282
0.724 0.283
0.725 0.282
0.725 0.283
0.725 0.324
0.726 0.256
0.726 0.282
0.726 0.283
0.726 0.324
0.727 0.282
0.727 0.283
0.727 0.324
0.728 0.282
0.728 0.283
0.728 0.324
0.729 0.282
0.729 0.283
0.729 0.324
0.73 0.235
0.73 0.282
0.73 0.283
0.73 0.324
0.731 0.282
0.731 0.283
0.731 0.324
0.732 0.282
0.732 0.283
0.733 0.282
0.733 0.283
0.734 0.282
0.734 0.283
0.735 0.282
0.735 0.283
0.735 0.284
0.736 0.282
0.736 0.283
0.736 0.284
0.737 0.283
0.737 0.284
0.737 0.325
0.738 0.246
0.738 0.283
0.738 0.284
0.738 0.325
0.739 0.217
0.739 0.283
0.739 0.284
0.739 0.325
0.74 0.283
0.74 0.284
0.74 0.325
0.741 0.283
0.741 0.284
0.741 0.325
0.742 0.283
0.742 0.284
0.742 0.325
0.743 0.283
0.743 0.284
0.744 0.283
0.744 0.284
0.745 0.283
0.745 0.284
0.746 0.236
0.746 0.283
0.746 0.284
0.747 0.283
0.747 0.284
0.748 0.283
0.748 0.284
0.748 0.285
0.748 0.326
0.749 0.283
0.749 0.284
0.749 0.285
0.749 0.326
0.75 0.284
0.75 0.285
0.75 0.326
0.751 0.284
0.751 0.285
0.751 0.326
0.752 0.284
0.752 0.285
0.752 0.326
0.753 0.284
0.753 0.285
0.753 0.326
0.754 0.284
0.754 0.285
0.754 0.326
0.755 0.258
0.755 0.284
0.755 0.285
0.756 0.284
0.756 0.285
0.757 0.284
0.757 0.285
0.758 0.284
0.758 0.285
0.759 0.284
0.759 0.285
0.76 0.284
0.76 0.285
0.76 0.327
0.761 0.284
0.761 0.285
0.761 0.286
0.761 0.327
0.762 0.237
0.762 0.284
0.762 0.285
0.762 0.286
0.762 0.327
0.763 0.284
0.763 0.285
0.763 0.286
0.763 0.327
0.764 0.285
0.764 0.286
0.764 0.327
0.765 0.285
0.765 0.286
0.765 0.327
0.766 0.285
0.766 0.286
0.767 0.285
0.767 0.286
0.768 0.285
0.768 0.286
0.769 0.285
0.769 0.286
0.77 0.285
0.77 0.286
0.771 0.285
0.771 0.286
0.771 0.328
0.772 0.285
0.772 0.286
0.772 0.328
0.773 0.219
0.773 0.285
0.773 0.286
0.773 0.328
0.774 0.285
0.774 0.286
0.774 0.328
0.775 0.285
0.775 0.286
0.775 0.287
0.775 0.328
0.776 0.285
0.776 0.286
0.776 0.287
0.776 0.328
0.777 0.286
0.777 0.287
0.777 0.328
0.778 0.238
0.778 0.286
0.778 0.287
0.779 0.286
0.779 0.287
0.78 0.286
0.78 0.287
0.781 0.286
0.781 0.287
0.782 0.286
0.782 0.287
0.783 0.286
0.783 0.287
0.783 0.329
0.784 0.286
0.784 0.287
0.784 0.329
0.785 0.286
0.785 0.287
0.785 0.329
0.786 0.286
0.786 0.287
0.786 0.329
0.787 0.286
0.787 0.287
0.787 0.329
0.788 0.286
0.788 0.287
0.788 0.329
0.789 0.286
0.789 0.287
0.789 0.288
0.789 0.329
0.79 0.286
0.79 0.287
0.79 0.288
0.791 0.287
0.791 0.288
0.792 0.287
0.792 0.288
0.793 0.287
0.793 0.288
0.794 0.287
0.794 0.288
0.795 0.287
0.795 0.288
0.795 0.33
0.796 0.287
0.796 0.288
0.796 0.33
0.797 0.287
0.797 0.288
0.797 0.33
0.798 0.287
0.798 0.288
0.798 0.33
0.799 0.287
0.799 0.288
0.799 0.33
0.8 0.261
0.8 0.287
0.8 0.288
0.8 0.33
0.801 0.287
0.801 0.288
0.801 0.33
0.802 0.287
0.802 0.288
0.803 0.287
0.803 0.288
0.803 0.289
0.804 0.287
0.804 0.288
0.804 0.289
0.805 0.288
0.805 0.289
0.806 0.288
0.806 0.289
0.807 0.288
0.807 0.289
0.807 0.331
0.808 0.288
0.808 0.289
0.808 0.331
0.809 0.288
0.809 0.289
0.809 0.331
0.81 0.288
0.81 0.289
0.81 0.331
0.811 0.288
0.811 0.289
0.811 0.331
0.812 0.288
0.812 0.289
0.812 0.331
0.813 0.288
0.813 0.289
0.813 0.331
0.814 0.288
0.814 0.289
0.815 0.262
0.815 0.288
0.815 0.289
0.816 0.288
0.816 0.289
0.817 0.288
0.817 0.289
0.817 0.29
0.818 0.288
0.818 0.289
0.818 0.29
0.819 0.289
0.819 0.29
0.819 0.332
0.82 0.289
0.82 0.29
0.82 0.332
0.821 0.289
0.821 0.29
0.821 0.332
0.822 0.289
0.822 0.29
0.822 0.332
0.823 0.289
0.823 0.29
0.823 0.332
0.824 0.289
0.824 0.29
0.824 0.332
0.825 0.289
0.825 0.29
0.825 0.332
0.826 0.289
0.826 0.29
0.826 0.332
0.827 0.289
0.827 0.29
0.828 0.289
0.828 0.29
0.829 0.289
0.829 0.29
0.83 0.289
0.83 0.29
0.831 0.263
0.831 0.289
0.831 0.29
0.832 0.289
0.832 0.29
0.832 0.291
0.832 0.333
0.833 0.29
0.833 0.291
0.833 0.333
0.834 0.29
0.834 0.291
0.834 0.333
0.835 0.29
0.835 0.291
0.835 0.333
0.836 0.29
0.836 0.291
0.836 0.333
0.837 0.29
0.837 0.291
0.837 0.333
0.838 0.29
0.838 0.291
0.838 0.333
0.839 0.29
0.839 0.291
0.84 0.29
0.84 0.291
0.841 0.29
0.841 0.291
0.842 0.29
0.842 0.291
0.843 0.29
0.843 0.291
0.844 0.29
0.844 0.291
0.844 0.334
0.845 0.29
0.845 0.291
0.845 0.334
0.846 0.29
0.846 0.291
0.846 0.334
0.847 0.264
0.847 0.29
0.847 0.291
0.847 0.292
0.847 0.334
0.848 0.291
0.848 0.292
0.848 0.334
0.849 0.291
0.849 0.292
0.849 0.334
0.85 0.291
0.85 0.292
0.85 0.334
0.851 0.291
0.851 0.292
0.851 0.334
0.852 0.291
0.852 0.292
0.853 0.291
0.853 0.292
0.854 0.291
0.854 0.292
0.855 0.291
0.855 0.292
0.856 0.291
0.856 0.292
0.857 0.291
0.857 0.292
0.857 0.335
0.858 0.291
0.858 0.292
0.858 0.335
0.859 0.291
0.859 0.292
0.859 0.335
0.86 0.291
0.86 0.292
0.86 0.335
0.861 0.291
0.861 0.292
0.861 0.335
0.862 0.292
0.862 0.293
0.862 0.335
0.863 0.265
0.863 0.292
0.863 0.293
0.863 0.335
0.864 0.292
0.864 0.293
0.864 0.335
0.865 0.254
0.865 0.292
0.865 0.293
0.866 0.292
0.866 0.293
0.867 0.292
0.867 0.293
0.868 0.292
0.868 0.293
0.869 0.292
0.869 0.293
0.87 0.292
0.87 0.293
0.87 0.336
0.871 0.292
0.871 0.293
0.871 0.336
0.872 0.292
0.872 0.293
0.872 0.336
0.873 0.292
0.873 0.293
0.873 0.336
0.874 0.292
0.874 0.293
0.874 0.336
0.875 0.292
0.875 0.293
0.875 0.336
0.876 0.292
0.876 0.293
0.876 0.336
0.877 0.293
0.878 0.293
0.878 0.294
0.879 0.266
0.879 0.293
0.879 0.294
0.88 0.293
0.88 0.294
0.881 0.244
0.881 0.293
0.881 0.294
0.882 0.293
0.882 0.294
0.883 0.255
0.883 0.293
0.883 0.294
0.883 0.337
0.884 0.293
0.884 0.294
0.884 0.337
0.885 0.293
0.885 0.294
0.885 0.337
0.886 0.293
0.886 0.294
0.886 0.337
0.887 0.293
0.887 0.294
0.887 0.337
0.888 0.293
0.888 0.294
0.888 0.337
0.889 0.293
0.889 0.294
0.889 0.337
0.89 0.293
0.89 0.294
0.89 0.337
0.891 0.293
0.891 0.294
0.892 0.294
0.893 0.294
0.893 0.295
0.894 0.294
0.894 0.295
0.895 0.294
0.895 0.295
0.896 0.267
0.896 0.294
0.896 0.295
0.896 0.338
0.897 0.294
0.897 0.295
0.897 0.338
0.898 0.294
0.898 0.295
0.898 0.338
0.899 0.294
0.899 0.295
0.899 0.338
0.9 0.256
0.9 0.294
0.9 0.295
0.9 0.338
0.901 0.256
0.901 0.294
0.901 0.295
0.901 0.338
0.902 0.294
0.902 0.295
0.902 0.338
0.903 0.294
0.903 0.295
0.903 0.338
0.904 0.294
0.904 0.295
0.905 0.294
0.905 0.295
0.906 0.294
0.906 0.295
0.907 0.294
0.907 0.295
0.908 0.295
0.909 0.295
0.909 0.296
0.91 0.295
0.91 0.296
0.91 0.339
0.911 0.295
0.911 0.296
0.911 0.339
0.912 0.295
0.912 0.296
0.912 0.339
0.913 0.268
0.913 0.295
0.913 0.296
0.913 0.339
0.914 0.295
0.914 0.296
0.914 0.339
0.915 0.295
0.915 0.296
0.915 0.339
0.916 0.295
0.916 0.296
0.916 0.339
0.917 0.295
0.917 0.296
0.918 0.246
0.918 0.257
0.918 0.295
0.918 0.296
0.919 0.257
0.919 0.295
0.919 0.296
0.92 0.295
0.92 0.296
0.921 0.295
0.921 0.296
0.922 0.295
0.922 0.296
0.923 0.296
0.923 0.34
0.924 0.296
0.924 0.34
0.925 0.296
0.925 0.34
0.926 0.296
0.926 0.297
0.926 0.34
0.927 0.296
0.927 0.297
0.927 0.34
0.928 0.296
0.928 0.297
0.928 0.34
0.929 0.296
0.929 0.297
0.929 0.34
0.93 0.269
0.93 0.296
0.93 0.297
0.93 0.34
0.931 0.296
0.931 0.297
0.932 0.296
0.932 0.297
0.933 0.296
0.933 0.297
0.934 0.296
0.934 0.297
0.935 0.296
0.935 0.297
0.936 0.258
0.936 0.296
0.936 0.297
0.937 0.247
0.937 0.258
0.937 0.296
0.937 0.297
0.937 0.341
0.938 0.258
0.938 0.296
0.938 0.297
0.938 0.341
0.939 0.297
0.939 0.341
0.94 0.297
0.94 0.341
0.941 0.297
0.941 0.298
0.941 0.341
0.942 0.297
0.942 0.298
0.942 0.341
0.943 0.297
0.943 0.298
0.943 0.341
0.944 0.297
0.944 0.298
0.944 0.341
0.945 0.297
0.945 0.298
0.946 0.297
0.946 0.298
0.947 0.297
0.947 0.298
0.948 0.297
0.948 0.298
0.949 0.297
0.949 0.298
0.95 0.297
0.95 0.298
0.95 0.342
0.951 0.297
0.951 0.298
0.951 0.342
0.952 0.297
0.952 0.298
0.952 0.342
0.953 0.297
0.953 0.298
0.953 0.342
0.954 0.259
0.954 0.297
0.954 0.298
0.954 0.342
0.955 0.259
0.955 0.298
0.955 0.299
0.955 0.342
0.956 0.248
0.956 0.259
0.956 0.298
0.956 0.299
0.956 0.342
0.957 0.298
0.957 0.299
0.957 0.342
0.958 0.298
0.958 0.299
0.958 0.342
0.959 0.298
0.959 0.299
0.96 0.298
0.96 0.299
0.961 0.298
0.961 0.299
0.962 0.298
0.962 0.299
0.963 0.298
0.963 0.299
0.964 0.298
0.964 0.299
0.964 0.343
0.965 0.271
0.965 0.298
0.965 0.299
0.965 0.343
0.966 0.298
0.966 0.299
0.966 0.343
0.967 0.298
0.967 0.299
0.967 0.343
0.968 0.298
0.968 0.299
0.968 0.343
0.969 0.298
0.969 0.299
0.969 0.343
0.97 0.298
0.97 0.299
0.97 0.3
0.97 0.343
0.971 0.299
0.971 0.3
0.971 0.343
0.972 0.299
0.972 0.3
0.972 0.343
0.973 0.26
0.973 0.299
0.973 0.3
0.974 0.299
0.974 0.3
0.975 0.249
0.975 0.299
0.975 0.3
0.976 0.299
0.976 0.3
0.977 0.299
0.977 0.3
0.978 0.299
0.978 0.3
0.979 0.299
0.979 0.3
0.979 0.344
0.98 0.299
0.98 0.3
0.98 0.344
0.981 0.299
0.981 0.3
0.981 0.344
0.982 0.299
0.982 0.3
0.982 0.344
0.983 0.272
0.983 0.299
0.983 0.3
0.983 0.344
0.984 0.299
0.984 0.3
0.984 0.344
0.985 0.299
0.985 0.3
0.985 0.344
0.986 0.299
0.986 0.3
0.986 0.301
0.986 0.344
0.987 0.299
0.987 0.3
0.987 0.301
0.988 0.3
0.988 0.301
0.989 0.3
0.989 0.301
0.99 0.3
0.99 0.301
0.991 0.261
0.991 0.3
0.991 0.301
0.992 0.3
0.992 0.301
0.993 0.3
0.993 0.301
0.993 0.345
0.994 0.3
0.994 0.301
0.994 0.345
0.995 0.25
0.995 0.3
0.995 0.301
0.995 0.345
0.996 0.3
0.996 0.301
0.996 0.345
0.997 0.282
0.997 0.3
0.997 0.301
0.997 0.345
0.998 0.3
0.998 0.301
0.998 0.326
0.998 0.345
0.999 0.3
0.999 0.301
0.999 0.345
1.0 0.3
1.0 0.301
1.0 0.345
1.001 0.273
1.001 0.3
1.001 0.301
1.001 0.302
1.002 0.3
1.002 0.301
1.002 0.302
1.003 0.3
1.003 0.301
1.003 0.302
1.004 0.301
1.004 0.302
1.005 0.301
1.005 0.302
1.006 0.301
1.006 0.302
1.007 0.301
1.007 0.302
1.007 0.346
1.008 0.301
1.008 0.302
1.008 0.346
1.009 0.301
1.009 0.302
1.009 0.346
1.01 0.301
1.01 0.302
1.01 0.346
1.011 0.301
1.011 0.302
1.011 0.346
1.012 0.301
1.012 0.302
1.012 0.346
1.013 0.301
1.013 0.302
1.013 0.346
1.014 0.301
1.014 0.302
1.014 0.346
1.015 0.251
1.015 0.301
1.015 0.302
1.015 0.346
1.016 0.301
1.016 0.302
1.017 0.301
1.017 0.302
1.017 0.303
1.018 0.301
1.018 0.302
1.018 0.303
1.019 0.301
1.019 0.302
1.019 0.303
1.02 0.274
1.02 0.301
1.02 0.302
1.02 0.303
1.021 0.302
1.021 0.303
1.022 0.302
1.022 0.303
1.022 0.347
1.023 0.302
1.023 0.303
1.023 0.347
1.024 0.302
1.024 0.303
1.024 0.347
1.025 0.302
1.025 0.303
1.025 0.347
1.026 0.302
1.026 0.303
1.026 0.347
1.027 0.302
1.027 0.303
1.027 0.347
1.028 0.302
1.028 0.303
1.028 0.347
1.029 0.302
1.029 0.303
1.029 0.347
1.03 0.302
1.03 0.303
1.03 0.347
1.031 0.302
1.031 0.303
1.032 0.302
1.032 0.303
1.033 0.302
1.033 0.303
1.033 0.304
1.034 0.302
1.034 0.303
1.034 0.304
1.035 0.302
1.035 0.303
1.035 0.304
1.036 0.302
1.036 0.303
1.036 0.304
1.037 0.302
1.037 0.303
1.037 0.304
1.037 0.348
1.038 0.303
1.038 0.304
1.038 0.348
1.039 0.303
1.039 0.304
1.039 0.348
1.04 0.301
1.04 0.303
1.04 0.304
1.04 0.348
1.041 0.303
1.041 0.304
1.041 0.348
1.042 0.303
1.042 0.304
1.042 0.348
1.043 0.303
1.043 0.304
1.043 0.348
1.044 0.303
1.044 0.304
1.044 0.348
1.045 0.303
1.045 0.304
1.045 0.348
1.046 0.303
1.046 0.304
1.047 0.303
1.047 0.304
1.048 0.303
1.048 0.304
1.049 0.303
1.049 0.304
1.05 0.264
1.05 0.303
1.05 0.304
1.05 0.305
1.051 0.303
1.051 0.304
1.051 0.305
1.052 0.303
1.052 0.304
1.052 0.305
1.052 0.349
1.053 0.303
1.053 0.304
1.053 0.305
1.053 0.349
1.054 0.303
1.054 0.304
1.054 0.305
1.054 0.349
1.055 0.304
1.055 0.305
1.055 0.349
1.056 0.253
1.056 0.304
1.056 0.305
1.056 0.349
1.057 0.304
1.057 0.305
1.057 0.349
1.058 0.304
1.058 0.305
1.058 0.349
1.059 0.304
1.059 0.305
1.059 0.349
1.06 0.304
1.06 0.305
1.06 0.349
1.061 0.304
1.061 0.305
1.062 0.304
1.062 0.305
1.063 0.304
1.063 0.305
1.064 0.304
1.064 0.305
1.065 0.304
1.065 0.305
1.066 0.304
1.066 0.305
1.067 0.304
1.067 0.305
1.067 0.306
1.067 0.35
1.068 0.304
1.068 0.305
1.068 0.306
1.068 0.35
1.069 0.304
1.069 0.305
1.069 0.306
1.069 0.35
1.07 0.265
1.07 0.304
1.07 0.305
1.07 0.306
1.07 0.35
1.071 0.265
1.071 0.304
1.071 0.305
1.071 0.306
1.071 0.35
1.072 0.304
1.072 0.305
1.072 0.306
1.072 0.35
1.073 0.305
1.073 0.306
1.073 0.35
1.074 0.305
1.074 0.306
1.074 0.35
1.075 0.305
1.075 0.306
1.075 0.35
1.076 0.305
1.076 0.306
1.077 0.254
1.077 0.277
1.077 0.305
1.077 0.306
1.078 0.305
1.078 0.306
1.079 0.305
1.079 0.306
1.08 0.305
1.08 0.306
1.081 0.305
1.081 0.306
1.082 0.305
1.082 0.306
1.082 0.351
1.083 0.305
1.083 0.306
1.083 0.351
1.084 0.305
1.084 0.306
1.084 0.307
1.084 0.351
1.085 0.305
1.085 0.306
1.085 0.307
1.085 0.351
1.086 0.305
1.086 0.306
1.086 0.307
1.086 0.351
1.087 0.305
1.087 0.306
1.087 0.307
1.087 0.351
1.088 0.305
1.088 0.306
1.088 0.307
1.088 0.351
1.089 0.305
1.089 0.306
1.089 0.307
1.089 0.351
1.09 0.266
1.09 0.305
1.09 0.306
1.09 0.307
1.09 0.351
1.091 0.266
1.091 0.306
1.091 0.307
1.091 0.351
1.092 0.266
1.092 0.306
1.092 0.307
1.093 0.306
1.093 0.307
1.094 0.306
1.094 0.307
1.094 0.347
1.095 0.306
1.095 0.307
1.096 0.278
1.096 0.306
1.096 0.307
1.097 0.306
1.097 0.307
1.098 0.306
1.098 0.307
1.098 0.352
1.099 0.306
1.099 0.307
1.099 0.352
1.1 0.306
1.1 0.307
1.1 0.352
1.101 0.306
1.101 0.307
1.101 0.352
1.102 0.306
1.102 0.307
1.102 0.308
1.102 0.352
1.103 0.306
1.103 0.307
1.103 0.308
1.103 0.352
1.104 0.306
1.104 0.307
1.104 0.308
1.104 0.352
1.105 0.306
1.105 0.307
1.105 0.308
1.105 0.352
1.106 0.306
1.106 0.307
1.106 0.308
1.106 0.352
1.107 0.306
1.107 0.307
1.107 0.308
1.108 0.306
1.108 0.307
1.108 0.308
1.109 0.307
1.109 0.308
1.11 0.307
1.11 0.308
1.111 0.267
1.111 0.307
1.111 0.308
1.112 0.267
1.112 0.307
1.112 0.308
1.113 0.267
1.113 0.307
1.113 0.308
1.113 0.353
1.114 0.267
1.114 0.307
1.114 0.308
1.114 0.353
1.115 0.267
1.115 0.307
1.115 0.308
1.115 0.353
1.116 0.279
1.116 0.307
1.116 0.308
1.116 0.353
1.117 0.246
1.117 0.307
1.117 0.308
1.117 0.353
1.118 0.307
1.118 0.308
1.118 0.353
1.119 0.307
1.119 0.308
1.119 0.353
1.12 0.256
1.12 0.307
1.12 0.308
1.12 0.309
1.12 0.353
1.121 0.307
1.121 0.308
1.121 0.309
1.121 0.353
1.122 0.307
1.122 0.308
1.122 0.309
1.122 0.353
1.123 0.307
1.123 0.308
1.123 0.309
1.124 0.307
1.124 0.308
1.124 0.309
1.125 0.307
1.125 0.308
1.125 0.309
1.126 0.307
1.126 0.308
1.126 0.309
1.127 0.308
1.127 0.309
1.128 0.308
1.128 0.309
1.129 0.308
1.129 0.309
1.129 0.354
1.13 0.308
1.13 0.309
1.13 0.354
1.131 0.308
1.131 0.309
1.131 0.354
1.132 0.268
1.132 0.308
1.132 0.309
1.132 0.354
1.133 0.268
1.133 0.308
1.133 0.309
1.133 0.354
1.134 0.268
1.134 0.308
1.134 0.309
1.134 0.354
1.135 0.268
1.135 0.308
1.135 0.309
1.135 0.354
1.136 0.268
1.136 0.28
1.136 0.308
1.136 0.309
1.136 0.354
1.137 0.268
1.137 0.308
1.137 0.309
1.137 0.315
1.137 0.354
1.138 0.308
1.138 0.309
1.138 0.31
1.138 0.354
1.139 0.308
1.139 0.309
1.139 0.31
1.14 0.308
1.14 0.309
1.14 0.31
1.141 0.308
1.141 0.309
1.141 0.31
1.142 0.257
1.142 0.308
1.142 0.309
1.142 0.31
1.143 0.308
1.143 0.309
1.143 0.31
1.144 0.308
1.144 0.309
1.144 0.31
1.144 0.369
1.145 0.309
1.145 0.31
1.145 0.355
1.146 0.309
1.146 0.31
1.146 0.355
1.147 0.309
1.147 0.31
1.147 0.355
1.148 0.309
1.148 0.31
1.148 0.355
1.149 0.309
1.149 0.31
1.149 0.355
1.15 0.309
1.15 0.31
1.15 0.355
1.151 0.309
1.151 0.31
1.151 0.355
1.152 0.309
1.152 0.31
1.152 0.355
1.153 0.269
1.153 0.309
1.153 0.31
1.153 0.355
1.154 0.269
1.154 0.309
1.154 0.31
1.154 0.355
1.155 0.269
1.155 0.309
1.155 0.31
1.156 0.269
1.156 0.309
1.156 0.31
1.156 0.311
1.157 0.269
1.157 0.281
1.157 0.309
1.157 0.31
1.157 0.311
1.158 0.269
1.158 0.309
1.158 0.31
1.158 0.311
1.159 0.269
1.159 0.309
1.159 0.31
1.159 0.311
1.16 0.269
1.16 0.309
1.16 0.31
1.16 0.311
1.161 0.269
1.161 0.309
1.161 0.31
1.161 0.311
1.162 0.309
1.162 0.31
1.162 0.311
1.162 0.356
1.163 0.309
1.163 0.31
1.163 0.311
1.163 0.356
1.164 0.31
1.164 0.311
1.164 0.356
1.165 0.258
1.165 0.31
1.165 0.311
1.165 0.356
1.166 0.31
1.166 0.311
1.166 0.356
1.167 0.31
1.167 0.311
1.167 0.356
1.168 0.31
1.168 0.311
1.168 0.356
1.169 0.31
1.169 0.311
1.169 0.356
1.17 0.31
1.17 0.311
1.17 0.356
1.171 0.31
1.171 0.311
1.172 0.31
1.172 0.311
1.173 0.31
1.173 0.311
1.174 0.235
1.174 0.27
1.174 0.31
1.174 0.311
1.175 0.27
1.175 0.31
1.175 0.311
1.175 0.312
1.176 0.27
1.176 0.31
1.176 0.311
1.176 0.312
1.177 0.27
1.177 0.31
1.177 0.311
1.177 0.312
1.178 0.27
1.178 0.282
1.178 0.31
1.178 0.311
1.178 0.312
1.178 0.357
1.179 0.27
1.179 0.31
1.179 0.311
1.179 0.312
1.179 0.357
1.18 0.27
1.18 0.31
1.18 0.311
1.18 0.312
1.18 0.357
1.181 0.229
1.181 0.27
1.181 0.31
1.181 0.311
1.181 0.312
1.181 0.357
1.182 0.27
1.182 0.31
1.182 0.311
1.182 0.312
1.182 0.357
1.183 0.27
1.183 0.311
1.183 0.312
1.183 0.357
1.184 0.311
1.184 0.312
1.184 0.357
1.185 0.311
1.185 0.312
1.185 0.357
1.186 0.311
1.186 0.312
1.186 0.357
1.187 0.311
1.187 0.312
1.187 0.357
1.188 0.311
1.188 0.312
1.189 0.311
1.189 0.312
1.19 0.311
1.19 0.312
1.191 0.311
1.191 0.312
1.192 0.311
1.192 0.312
1.193 0.311
1.193 0.312
1.194 0.311
1.194 0.312
1.194 0.358
1.195 0.311
1.195 0.312
1.195 0.313
1.195 0.358
1.196 0.271
1.196 0.311
1.196 0.312
1.196 0.313
1.196 0.358
1.197 0.271
1.197 0.311
1.197 0.312
1.197 0.313
1.197 0.358
1.198 0.271
1.198 0.311
1.198 0.312
1.198 0.313
1.198 0.358
1.199 0.271
1.199 0.283
1.199 0.311
1.199 0.312
1.199 0.313
1.199 0.358
1.2 0.271
1.2 0.311
1.2 0.312
1.2 0.313
1.2 0.358
1.201 0.271
1.201 0.311
1.201 0.312
1.201 0.313
1.201 0.358
1.202 0.271
1.202 0.312
1.202 0.313
1.202 0.358
1.203 0.271
1.203 0.312
1.203 0.313
1.203 0.358
1.204 0.271
1.204 0.312
1.204 0.313
1.204 0.358
1.205 0.271
1.205 0.312
1.205 0.313
1.206 0.312
1.206 0.313
1.207 0.312
1.207 0.313
1.208 0.312
1.208 0.313
1.209 0.312
1.209 0.313
1.21 0.312
1.21 0.313
1.211 0.26
1.211 0.312
1.211 0.313
1.211 0.359
1.212 0.312
1.212 0.313
1.212 0.359
1.213 0.312
1.213 0.313
1.213 0.359
1.214 0.312
1.214 0.313
1.214 0.314
1.214 0.359
1.215 0.312
1.215 0.313
1.215 0.314
1.215 0.359
1.216 0.312
1.216 0.313
1.216 0.314
1.216 0.359
1.217 0.312
1.217 0.313
1.217 0.314
1.217 0.359
1.218 0.312
1.218 0.313
1.218 0.314
1.218 0.359
1.219 0.272
1.219 0.312
1.219 0.313
1.219 0.314
1.219 0.359
1.22 0.272
1.22 0.284
1.22 0.312
1.22 0.313
1.22 0.314
1.22 0.359
1.221 0.272
1.221 0.312
1.221 0.313
1.221 0.314
1.221 0.359
1.222 0.272
1.222 0.313
1.222 0.314
1.223 0.272
1.223 0.313
1.223 0.314
1.224 0.272
1.224 0.313
1.224 0.314
1.225 0.272
1.225 0.313
1.225 0.314
1.226 0.272
1.226 0.313
1.226 0.314
1.227 0.272
1.227 0.313
1.227 0.314
1.228 0.272
1.228 0.313
1.228 0.314
1.228 0.36
1.229 0.313
1.229 0.314
1.229 0.36
1.23 0.313
1.23 0.314
1.23 0.36
1.231 0.313
1.231 0.314
1.231 0.36
1.232 0.313
1.232 0.314
1.232 0.36
1.233 0.313
1.233 0.314
1.233 0.36
1.234 0.261
1.234 0.313
1.234 0.314
1.234 0.315
1.234 0.36
1.235 0.313
1.235 0.314
1.235 0.315
1.235 0.36
1.236 0.313
1.236 0.314
1.236 0.315
1.236 0.36
1.237 0.313
1.237 0.314
1.237 0.315
1.237 0.36
1.238 0.313
1.238 0.314
1.238 0.315
1.238 0.36
1.239 0.313
1.239 0.314
1.239 0.315
1.24 0.313
1.24 0.314
1.24 0.315
1.241 0.273
1.241 0.314
1.241 0.315
1.242 0.273
1.242 0.285
1.242 0.314
1.242 0.315
1.243 0.273
1.243 0.314
1.243 0.315
1.244 0.273
1.244 0.314
1.244 0.315
1.245 0.273
1.245 0.314
1.245 0.315
1.245 0.361
1.246 0.273
1.246 0.314
1.246 0.315
1.246 0.361
1.247 0.273
1.247 0.314
1.247 0.315
1.247 0.361
1.248 0.273
1.248 0.314
1.248 0.315
1.248 0.361
1.249 0.273
1.249 0.314
1.249 0.315
1.249 0.361
1.25 0.273
1.25 0.314
1.25 0.315
1.25 0.361
1.251 0.314
1.251 0.315
1.251 0.361
1.252 0.314
1.252 0.315
1.252 0.34
1.252 0.361
1.253 0.314
1.253 0.315
1.253 0.361
1.254 0.314
1.254 0.315
1.254 0.316
1.254 0.361
1.255 0.314
1.255 0.315
1.255 0.316
1.255 0.361
1.256 0.314
1.256 0.315
1.256 0.316
1.257 0.273
1.257 0.314
1.257 0.315
1.257 0.316
1.258 0.262
1.258 0.314
1.258 0.315
1.258 0.316
1.259 0.314
1.259 0.315
1.259 0.316
1.259 0.362
1.26 0.314
1.26 0.315
1.26 0.316
1.261 0.315
1.261 0.316
1.262 0.315
1.262 0.316
1.263 0.315
1.263 0.316
1.263 0.362
1.264 0.274
1.264 0.315
1.264 0.316
1.264 0.362
1.265 0.274
1.265 0.315
1.265 0.316
1.265 0.362
1.266 0.274
1.266 0.315
1.266 0.316
1.266 0.362
1.267 0.274
1.267 0.315
1.267 0.316
1.267 0.362
1.268 0.274
1.268 0.315
1.268 0.316
1.268 0.362
1.269 0.274
1.269 0.315
1.269 0.316
1.269 0.362
1.27 0.274
1.27 0.315
1.27 0.316
1.27 0.362
1.271 0.274
1.271 0.315
1.271 0.316
1.271 0.362
1.272 0.274
1.272 0.315
1.272 0.316
1.272 0.362
1.273 0.274
1.273 0.315
1.273 0.316
1.273 0.362
1.274 0.315
1.274 0.316
1.275 0.313
1.275 0.315
1.275 0.316
1.275 0.317
1.276 0.315
1.276 0.316
1.276 0.317
1.277 0.315
1.277 0.316
1.277 0.317
1.278 0.315
1.278 0.316
1.278 0.317
1.279 0.315
1.279 0.316
1.279 0.317
1.28 0.315
1.28 0.316
1.28 0.317
1.28 0.363
1.281 0.315
1.281 0.316
1.281 0.317
1.281 0.363
1.282 0.263
1.282 0.316
1.282 0.317
1.282 0.363
1.283 0.316
1.283 0.317
1.283 0.363
1.284 0.316
1.284 0.317
1.284 0.363
1.285 0.316
1.285 0.317
1.285 0.363
1.286 0.287
1.286 0.316
1.286 0.317
1.286 0.363
1.287 0.275
1.287 0.316
1.287 0.317
1.287 0.363
1.288 0.275
1.288 0.316
1.288 0.317
1.288 0.363
1.289 0.275
1.289 0.316
1.289 0.317
1.289 0.363
1.29 0.275
1.29 0.316
1.29 0.317
1.29 0.363
1.291 0.275
1.291 0.316
1.291 0.317
1.292 0.275
1.292 0.316
1.292 0.317
1.293 0.275
1.293 0.316
1.293 0.317
1.294 0.275
1.294 0.316
1.294 0.317
1.295 0.275
1.295 0.316
1.295 0.317
1.296 0.275
1.296 0.316
1.296 0.317
1.296 0.318
1.297 0.275
1.297 0.316
1.297 0.317
1.297 0.318
1.298 0.316
1.298 0.317
1.298 0.318
1.298 0.364
1.299 0.316
1.299 0.317
1.299 0.318
1.299 0.364
1.3 0.316
1.3 0.317
1.3 0.318
1.3 0.364
1.301 0.316
1.301 0.317
1.301 0.318
1.301 0.364
1.302 0.317
1.302 0.318
1.302 0.364
1.303 0.317
1.303 0.318
1.303 0.364
1.304 0.317
1.304 0.318
1.304 0.364
1.305 0.317
1.305 0.318
1.305 0.364
1.305 0.37
1.306 0.317
1.306 0.318
1.306 0.364
1.307 0.264
1.307 0.317
1.307 0.318
1.307 0.364
1.308 0.288
1.308 0.317
1.308 0.318
1.308 0.364
1.309 0.317
1.309 0.318
1.31 0.317
1.31 0.318
1.311 0.276
1.311 0.317
1.311 0.318
1.312 0.276
1.312 0.317
1.312 0.318
1.313 0.276
1.313 0.317
1.313 0.318
1.314 0.276
1.314 0.317
1.314 0.318
1.315 0.276
1.315 0.317
1.315 0.318
1.316 0.276
1.316 0.317
1.316 0.318
1.316 0.365
1.317 0.276
1.317 0.317
1.317 0.318
1.317 0.319
1.317 0.365
1.318 0.276
1.318 0.317
1.318 0.318
1.318 0.319
1.318 0.365
1.319 0.276
1.319 0.317
1.319 0.318
1.319 0.319
1.319 0.365
1.32 0.276
1.32 0.317
1.32 0.318
1.32 0.319
1.32 0.365
1.321 0.276
1.321 0.317
1.321 0.318
1.321 0.319
1.321 0.365
1.322 0.317
1.322 0.318
1.322 0.319
1.322 0.365
1.323 0.318
1.323 0.319
1.323 0.365
1.324 0.318
1.324 0.319
1.324 0.365
1.325 0.318
1.325 0.319
1.325 0.365
1.326 0.318
1.326 0.319
1.326 0.365
1.327 0.318
1.327 0.319
1.328 0.318
1.328 0.319
1.329 0.318
1.329 0.319
1.33 0.318
1.33 0.319
1.331 0.289
1.331 0.318
1.331 0.319
1.332 0.265
1.332 0.318
1.332 0.319
1.333 0.318
1.333 0.319
1.334 0.236
1.334 0.318
1.334 0.319
1.334 0.366
1.335 0.277
1.335 0.318
1.335 0.319
1.335 0.366
1.336 0.277
1.336 0.318
1.336 0.319
1.336 0.366
1.337 0.277
1.337 0.318
1.337 0.319
1.337 0.366
1.338 0.277
1.338 0.318
1.338 0.319
1.338 0.32
1.338 0.366
1.339 0.277
1.339 0.318
1.339 0.319
1.339 0.32
1.339 0.366
1.34 0.277
1.34 0.318
1.34 0.319
1.34 0.32
1.34 0.366
1.341 0.277
1.341 0.318
1.341 0.319
1.341 0.32
1.341 0.366
1.342 0.277
1.342 0.318
1.342 0.319
1.342 0.32
1.342 0.366
1.343 0.277
1.343 0.318
1.343 0.319
1.343 0.32
1.343 0.366
1.344 0.277
1.344 0.319
1.344 0.32
1.344 0.366
1.345 0.277
1.345 0.319
1.345 0.32
1.346 0.319
1.346 0.32
1.347 0.319
1.347 0.32
1.348 0.319
1.348 0.32
1.349 0.319
1.349 0.32
1.35 0.319
1.35 0.32
1.35 0.326
1.351 0.319
1.351 0.32
1.352 0.319
1.352 0.32
1.352 0.367
1.353 0.319
1.353 0.32
1.353 0.367
1.354 0.29
1.354 0.319
1.354 0.32
1.354 0.367
1.355 0.319
1.355 0.32
1.355 0.367
1.356 0.319
1.356 0.32
1.356 0.367
1.357 0.266
1.357 0.319
1.357 0.32
1.357 0.367
1.358 0.319
1.358 0.32
1.358 0.367
1.359 0.278
1.359 0.319
1.359 0.32
1.359 0.367
1.36 0.278
1.36 0.319
1.36 0.32
1.36 0.321
1.36 0.367
1.361 0.278
1.361 0.319
1.361 0.32
1.361 0.321
1.361 0.367
1.362 0.278
1.362 0.319
1.362 0.32
1.362 0.321
1.362 0.367
1.363 0.278
1.363 0.319
1.363 0.32
1.363 0.321
1.363 0.367
1.364 0.278
1.364 0.319
1.364 0.32
1.364 0.321
1.365 0.278
1.365 0.32
1.365 0.321
1.366 0.278
1.366 0.32
1.366 0.321
1.367 0.278
1.367 0.32
1.367 0.321
1.368 0.278
1.368 0.32
1.368 0.321
1.369 0.278
1.369 0.32
1.369 0.321
1.369 0.348
1.37 0.32
1.37 0.321
1.371 0.32
1.371 0.321
1.371 0.368
1.372 0.32
1.372 0.321
1.372 0.368
1.373 0.32
1.373 0.321
1.373 0.368
1.374 0.32
1.374 0.321
1.374 0.368
1.375 0.32
1.375 0.321
1.375 0.368
1.376 0.32
1.376 0.321
1.376 0.368
1.377 0.32
1.377 0.321
1.377 0.368
1.378 0.291
1.378 0.32
1.378 0.321
1.378 0.368
1.379 0.32
1.379 0.321
1.379 0.368
1.38 0.32
1.38 0.321
1.38 0.368
1.381 0.32
1.381 0.321
1.381 0.368
1.382 0.32
1.382 0.321
1.382 0.368
1.383 0.267
1.383 0.32
1.383 0.321
1.383 0.322
1.384 0.279
1.384 0.32
1.384 0.321
1.384 0.322
1.385 0.279
1.385 0.32
1.385 0.321
1.385 0.322
1.386 0.279
1.386 0.321
1.386 0.322
1.387 0.279
1.387 0.321
1.387 0.322
1.388 0.279
1.388 0.321
1.388 0.322
1.389 0.279
1.389 0.321
1.389 0.322
1.39 0.279
1.39 0.321
1.39 0.322
1.39 0.369
1.391 0.279
1.391 0.321
1.391 0.322
1.391 0.369
1.392 0.279
1.392 0.321
1.392 0.322
1.392 0.369
1.393 0.321
1.393 0.322
1.393 0.369
1.394 0.321
1.394 0.322
1.394 0.369
1.395 0.321
1.395 0.322
1.395 0.369
1.396 0.321
1.396 0.322
1.396 0.369
1.397 0.321
1.397 0.322
1.397 0.369
1.398 0.321
1.398 0.322
1.398 0.369
1.399 0.321
1.399 0.322
1.399 0.369
1.4 0.321
1.4 0.322
1.4 0.369
1.401 0.321
1.401 0.322
1.402 0.292
1.402 0.321
1.402 0.322
1.403 0.321
1.403 0.322
1.404 0.321
1.404 0.322
1.405 0.321
1.405 0.322
1.405 0.323
1.406 0.321
1.406 0.322
1.406 0.323
1.407 0.321
1.407 0.322
1.407 0.323
1.408 0.322
1.408 0.323
1.408 0.37
1.409 0.268
1.409 0.28
1.409 0.322
1.409 0.323
1.409 0.37
1.41 0.28
1.41 0.322
1.41 0.323
1.41 0.37
1.411 0.28
1.411 0.322
1.411 0.323
1.411 0.37
1.412 0.28
1.412 0.322
1.412 0.323
1.412 0.37
1.413 0.28
1.413 0.322
1.413 0.323
1.413 0.37
1.414 0.28
1.414 0.322
1.414 0.323
1.414 0.37
1.415 0.28
1.415 0.322
1.415 0.323
1.415 0.37
1.416 0.322
1.416 0.323
1.416 0.37
1.417 0.322
1.417 0.323
1.417 0.37
1.418 0.322
1.418 0.323
1.418 0.37
1.419 0.322
1.419 0.323
1.419 0.37
1.42 0.322
1.42 0.323
1.42 0.37
1.421 0.322
1.421 0.323
1.422 0.322
1.422 0.323
1.423 0.322
1.423 0.323
1.424 0.322
1.424 0.323
1.425 0.322
1.425 0.323
1.426 0.293
1.426 0.322
1.426 0.323
1.427 0.322
1.427 0.323
1.428 0.322
1.428 0.323
1.428 0.324
1.428 0.371
1.429 0.322
1.429 0.323
1.429 0.324
1.429 0.371
1.43 0.323
1.43 0.324
1.43 0.371
1.431 0.323
1.431 0.324
1.431 0.371
1.432 0.323
1.432 0.324
1.432 0.371
1.433 0.323
1.433 0.324
1.433 0.371
1.433 0.386
1.434 0.281
1.434 0.323
1.434 0.324
1.434 0.371
1.435 0.269
1.435 0.281
1.435 0.323
1.435 0.324
1.435 0.371
1.436 0.281
1.436 0.323
1.436 0.324
1.436 0.371
1.437 0.281
1.437 0.323
1.437 0.324
1.437 0.371
1.438 0.281
1.438 0.323
1.438 0.324
1.438 0.371
1.439 0.281
1.439 0.323
1.439 0.324
1.439 0.371
1.44 0.323
1.44 0.324
1.441 0.323
1.441 0.324
1.442 0.323
1.442 0.324
1.443 0.323
1.443 0.324
1.444 0.323
1.444 0.324
1.445 0.323
1.445 0.324
1.446 0.323
1.446 0.324
1.447 0.323
1.447 0.324
1.447 0.372
1.448 0.323
1.448 0.324
1.448 0.372
1.449 0.323
1.449 0.324
1.449 0.325
1.449 0.372
1.45 0.294
1.45 0.323
1.45 0.324
1.45 0.325
1.45 0.372
1.451 0.323
1.451 0.324
1.451 0.325
1.451 0.372
1.452 0.323
1.452 0.324
1.452 0.325
1.452 0.372
1.453 0.324
1.453 0.325
1.453 0.372
1.454 0.324
1.454 0.325
1.454 0.372
1.455 0.324
1.455 0.325
1.455 0.372
1.456 0.324
1.456 0.325
1.456 0.372
1.457 0.324
1.457 0.325
1.457 0.372
1.458 0.324
1.458 0.325
1.458 0.372
1.459 0.324
1.459 0.325
1.46 0.282
1.46 0.324
1.46 0.325
1.461 0.282
1.461 0.324
1.461 0.325
1.462 0.27
1.462 0.282
1.462 0.324
1.462 0.325
1.463 0.282
1.463 0.324
1.463 0.325
1.464 0.324
1.464 0.325
1.465 0.324
1.465 0.325
1.466 0.324
1.466 0.325
1.466 0.373
1.467 0.324
1.467 0.325
1.467 0.373
1.468 0.324
1.468 0.325
1.468 0.373
1.469 0.324
1.469 0.325
1.469 0.373
1.47 0.324
1.47 0.325
1.47 0.326
1.47 0.373
1.471 0.324
1.471 0.325
1.471 0.326
1.471 0.373
1.472 0.324
1.472 0.325
1.472 0.326
1.472 0.373
1.473 0.324
1.473 0.325
1.473 0.326
1.473 0.373
1.474 0.324
1.474 0.325
1.474 0.326
1.474 0.373
1.475 0.295
1.475 0.325
1.475 0.326
1.475 0.373
1.476 0.325
1.476 0.326
1.476 0.373
1.477 0.325
1.477 0.326
1.477 0.373
1.478 0.325
1.478 0.326
1.478 0.373
1.479 0.325
1.479 0.326
1.48 0.325
1.48 0.326
1.481 0.325
1.481 0.326
1.482 0.325
1.482 0.326
1.483 0.325
1.483 0.326
1.484 0.325
1.484 0.326
1.485 0.325
1.485 0.326
1.486 0.283
1.486 0.325
1.486 0.326
1.486 0.374
1.487 0.283
1.487 0.325
1.487 0.326
1.487 0.374
1.488 0.283
1.488 0.325
1.488 0.326
1.488 0.374
1.489 0.271
1.489 0.325
1.489 0.326
1.489 0.374
1.49 0.325
1.49 0.326
1.49 0.374
1.491 0.325
1.491 0.326
1.491 0.327
1.491 0.374
1.492 0.325
1.492 0.326
1.492 0.327
1.492 0.374
1.493 0.325
1.493 0.326
1.493 0.327
1.493 0.374
1.494 0.325
1.494 0.326
1.494 0.327
1.494 0.374
1.495 0.325
1.495 0.326
1.495 0.327
1.495 0.374
1.496 0.325
1.496 0.326
1.496 0.327
1.496 0.374
1.497 0.325
1.497 0.326
1.497 0.327
1.497 0.374
1.498 0.326
1.498 0.327
1.498 0.374
1.499 0.326
1.499 0.327
1.5 0.296
1.5 0.326
1.5 0.327
1.501 0.326
1.501 0.327
1.501 0.333
1.502 0.326
1.502 0.327
1.503 0.326
1.503 0.327
1.504 0.326
1.504 0.327
1.505 0.326
1.505 0.327
1.506 0.326
1.506 0.327
1.506 0.375
1.507 0.326
1.507 0.327
1.507 0.375
1.508 0.326
1.508 0.327
1.508 0.375
1.509 0.326
1.509 0.327
1.509 0.375
1.51 0.326
1.51 0.327
1.51 0.375
1.511 0.326
1.511 0.327
1.511 0.375
1.512 0.284
1.512 0.326
1.512 0.327
1.512 0.375
1.513 0.284
1.513 0.326
1.513 0.327
1.513 0.328
1.513 0.375
1.514 0.326
1.514 0.327
1.514 0.328
1.514 0.375
1.515 0.326
1.515 0.327
1.515 0.328
1.515 0.375
1.516 0.326
1.516 0.327
1.516 0.328
1.516 0.375
1.517 0.272
1.517 0.326
1.517 0.327
1.517 0.328
1.517 0.375
1.518 0.326
1.518 0.327
1.518 0.328
1.518 0.375
1.519 0.326
1.519 0.327
1.519 0.328
1.52 0.326
1.52 0.327
1.52 0.328
1.521 0.327
1.521 0.328
1.522 0.327
1.522 0.328
1.523 0.327
1.523 0.328
1.524 0.327
1.524 0.328
1.525 0.327
1.525 0.328
1.526 0.297
1.526 0.327
1.526 0.328
1.526 0.376
1.527 0.327
1.527 0.328
1.527 0.376
1.528 0.327
1.528 0.328
1.528 0.376
1.529 0.327
1.529 0.328
1.529 0.376
1.53 0.327
1.53 0.328
1.53 0.376
1.531 0.327
1.531 0.328
1.531 0.376
1.532 0.327
1.532 0.328
1.532 0.376
1.533 0.327
1.533 0.328
1.533 0.376
1.534 0.327
1.534 0.328
1.534 0.376
1.535 0.327
1.535 0.328
1.535 0.329
1.535 0.376
1.536 0.327
1.536 0.328
1.536 0.329
1.536 0.376
1.537 0.327
1.537 0.328
1.537 0.329
1.537 0.376
1.538 0.327
1.538 0.328
1.538 0.329
1.538 0.376
1.539 0.285
1.539 0.327
1.539 0.328
1.539 0.329
1.539 0.376
1.54 0.327
1.54 0.328
1.54 0.329
1.541 0.327
1.541 0.328
1.541 0.329
1.542 0.327
1.542 0.328
1.542 0.329
1.543 0.327
1.543 0.328
1.543 0.329
1.544 0.327
1.544 0.328
1.544 0.329
1.545 0.273
1.545 0.328
1.545 0.329
1.546 0.328
1.546 0.329
1.547 0.328
1.547 0.329
1.547 0.377
1.548 0.328
1.548 0.329
1.548 0.377
1.548 0.392
1.549 0.328
1.549 0.329
1.549 0.377
1.55 0.328
1.55 0.329
1.55 0.377
1.551 0.328
1.551 0.329
1.551 0.377
1.552 0.298
1.552 0.328
1.552 0.329
1.552 0.377
1.553 0.328
1.553 0.329
1.553 0.377
1.554 0.328
1.554 0.329
1.554 0.377
1.555 0.328
1.555 0.329
1.555 0.377
1.556 0.328
1.556 0.329
1.556 0.377
1.557 0.328
1.557 0.329
1.557 0.377
1.558 0.328
1.558 0.329
1.558 0.33
1.558 0.377
1.559 0.328
1.559 0.329
1.559 0.33
1.559 0.377
1.56 0.328
1.56 0.329
1.56 0.33
1.561 0.328
1.561 0.329
1.561 0.33
1.562 0.328
1.562 0.329
1.562 0.33
1.563 0.328
1.563 0.329
1.563 0.33
1.564 0.328
1.564 0.329
1.564 0.33
1.565 0.328
1.565 0.329
1.565 0.33
1.566 0.286
1.566 0.328
1.566 0.329
1.566 0.33
1.567 0.328
1.567 0.329
1.567 0.33
1.567 0.378
1.568 0.328
1.568 0.329
1.568 0.33
1.568 0.378
1.569 0.329
1.569 0.33
1.569 0.378
1.57 0.329
1.57 0.33
1.57 0.378
1.571 0.329
1.571 0.33
1.571 0.378
1.572 0.329
1.572 0.33
1.572 0.378
1.573 0.329
1.573 0.33
1.573 0.378
1.574 0.274
1.574 0.329
1.574 0.33
1.574 0.378
1.575 0.329
1.575 0.33
1.575 0.378
1.576 0.244
1.576 0.329
1.576 0.33
1.576 0.378
1.577 0.329
1.577 0.33
1.577 0.378
1.578 0.299
1.578 0.329
1.578 0.33
1.578 0.378
1.579 0.329
1.579 0.33
1.579 0.378
1.58 0.329
1.58 0.33
1.58 0.378
1.581 0.329
1.581 0.33
1.581 0.331
1.582 0.329
1.582 0.33
1.582 0.331
1.583 0.329
1.583 0.33
1.583 0.331
1.584 0.329
1.584 0.33
1.584 0.331
1.585 0.329
1.585 0.33
1.585 0.331
1.586 0.329
1.586 0.33
1.586 0.331
1.587 0.329
1.587 0.33
1.587 0.331
1.588 0.329
1.588 0.33
1.588 0.331
1.588 0.379
1.589 0.329
1.589 0.33
1.589 0.331
1.589 0.379
1.59 0.329
1.59 0.33
1.59 0.331
1.59 0.379
1.591 0.329
1.591 0.33
1.591 0.331
1.591 0.379
1.592 0.329
1.592 0.33
1.592 0.331
1.592 0.379
1.593 0.33
1.593 0.331
1.593 0.379
1.594 0.33
1.594 0.331
1.594 0.379
1.595 0.33
1.595 0.331
1.595 0.379
1.596 0.33
1.596 0.331
1.596 0.379
1.597 0.33
1.597 0.331
1.597 0.379
1.598 0.33
1.598 0.331
1.598 0.379
1.599 0.33
1.599 0.331
1.599 0.379
1.6 0.33
1.6 0.331
1.6 0.379
1.601 0.33
1.601 0.331
1.601 0.379
1.602 0.275
1.602 0.33
1.602 0.331
1.603 0.275
1.603 0.33
1.603 0.331
1.604 0.3
1.604 0.33
1.604 0.331
1.604 0.332
1.605 0.3
1.605 0.33
1.605 0.331
1.605 0.332
1.606 0.33
1.606 0.331
1.606 0.332
1.607 0.33
1.607 0.331
1.607 0.332
1.608 0.33
1.608 0.331
1.608 0.332
1.609 0.33
1.609 0.331
1.609 0.332
1.609 0.38
1.61 0.33
1.61 0.331
1.61 0.332
1.61 0.38
1.611 0.33
1.611 0.331
1.611 0.332
1.611 0.38
1.612 0.33
1.612 0.331
1.612 0.332
1.612 0.38
1.613 0.33
1.613 0.331
1.613 0.332
1.613 0.38
1.614 0.33
1.614 0.331
1.614 0.332
1.614 0.38
1.615 0.33
1.615 0.331
1.615 0.332
1.615 0.38
1.616 0.33
1.616 0.331
1.616 0.332
1.616 0.38
1.617 0.331
1.617 0.332
1.617 0.38
1.618 0.331
1.618 0.332
1.618 0.38
1.619 0.331
1.619 0.332
1.619 0.38
1.62 0.331
1.62 0.332
1.62 0.38
1.621 0.331
1.621 0.332
1.621 0.38
1.622 0.331
1.622 0.332
1.622 0.38
1.623 0.331
1.623 0.332
1.624 0.331
1.624 0.332
1.625 0.331
1.625 0.332
1.626 0.331
1.626 0.332
1.627 0.331
1.627 0.332
1.628 0.331
1.628 0.332
1.628 0.333
1.629 0.331
1.629 0.332
1.629 0.333
1.63 0.331
1.63 0.332
1.63 0.333
1.631 0.301
1.631 0.331
1.631 0.332
1.631 0.333
1.631 0.381
1.632 0.276
1.632 0.301
1.632 0.331
1.632 0.332
1.632 0.333
1.632 0.381
1.633 0.331
1.633 0.332
1.633 0.333
1.633 0.381
1.634 0.331
1.634 0.332
1.634 0.333
1.634 0.381
1.635 0.331
1.635 0.332
1.635 0.333
1.635 0.381
1.636 0.331
1.636 0.332
1.636 0.333
1.636 0.381
1.637 0.331
1.637 0.332
1.637 0.333
1.637 0.381
1.638 0.331
1.638 0.332
1.638 0.333
1.638 0.381
1.639 0.331
1.639 0.332
1.639 0.333
1.639 0.381
1.64 0.331
1.64 0.332
1.64 0.333
1.64 0.381
1.641 0.331
1.641 0.332
1.641 0.333
1.641 0.381
1.642 0.332
1.642 0.333
1.642 0.381
1.643 0.332
1.643 0.333
1.643 0.381
1.644 0.332
1.644 0.333
1.644 0.381
1.645 0.332
1.645 0.333
1.646 0.332
1.646 0.333
1.647 0.332
1.647 0.333
1.648 0.332
1.648 0.333
1.649 0.332
1.649 0.333
1.65 0.332
1.65 0.333
1.651 0.332
1.651 0.333
1.652 0.332
1.652 0.333
1.652 0.334
1.652 0.382
1.653 0.332
1.653 0.333
1.653 0.334
1.653 0.382
1.654 0.332
1.654 0.333
1.654 0.334
1.654 0.382
1.655 0.332
1.655 0.333
1.655 0.334
1.655 0.382
1.656 0.332
1.656 0.333
1.656 0.334
1.656 0.382
1.657 0.332
1.657 0.333
1.657 0.334
1.657 0.382
1.658 0.332
1.658 0.333
1.658 0.334
1.658 0.382
1.659 0.302
1.659 0.332
1.659 0.333
1.659 0.334
1.659 0.382
1.66 0.332
1.66 0.333
1.66 0.334
1.66 0.382
1.661 0.332
1.661 0.333
1.661 0.334
1.661 0.382
1.662 0.277
1.662 0.332
1.662 0.333
1.662 0.334
1.662 0.382
1.663 0.332
1.663 0.333
1.663 0.334
1.663 0.382
1.664 0.332
1.664 0.333
1.664 0.334
1.664 0.382
1.665 0.332
1.665 0.333
1.665 0.334
1.665 0.382
1.666 0.332
1.666 0.333
1.666 0.334
1.667 0.333
1.667 0.334
1.668 0.333
1.668 0.334
1.669 0.333
1.669 0.334
1.67 0.333
1.67 0.334
1.671 0.333
1.671 0.334
1.672 0.333
1.672 0.334
1.673 0.333
1.673 0.334
1.674 0.333
1.674 0.334
1.674 0.383
1.675 0.333
1.675 0.334
1.675 0.383
1.676 0.333
1.676 0.334
1.676 0.383
1.677 0.333
1.677 0.334
1.677 0.335
1.677 0.383
1.678 0.333
1.678 0.334
1.678 0.335
1.678 0.383
1.679 0.333
1.679 0.334
1.679 0.335
1.679 0.383
1.68 0.333
1.68 0.334
1.68 0.335
1.68 0.383
1.681 0.333
1.681 0.334
1.681 0.335
1.681 0.383
1.682 0.333
1.682 0.334
1.682 0.335
1.682 0.383
1.683 0.333
1.683 0.334
1.683 0.335
1.683 0.383
1.684 0.333
1.684 0.334
1.684 0.335
1.684 0.383
1.685 0.333
1.685 0.334
1.685 0.335
1.685 0.383
1.686 0.303
1.686 0.333
1.686 0.334
1.686 0.335
1.686 0.383
1.687 0.333
1.687 0.334
1.687 0.335
1.687 0.383
1.688 0.333
1.688 0.334
1.688 0.335
1.689 0.333
1.689 0.334
1.689 0.335
1.69 0.333
1.69 0.334
1.69 0.335
1.691 0.333
1.691 0.334
1.691 0.335
1.692 0.278
1.692 0.334
1.692 0.335
1.693 0.334
1.693 0.335
1.694 0.334
1.694 0.335
1.695 0.334
1.695 0.335
1.696 0.334
1.696 0.335
1.696 0.384
1.697 0.334
1.697 0.335
1.697 0.384
1.698 0.334
1.698 0.335
1.698 0.384
1.699 0.334
1.699 0.335
1.699 0.384
1.7 0.334
1.7 0.335
1.7 0.384
1.701 0.334
1.701 0.335
1.701 0.384
1.702 0.334
1.702 0.335
1.702 0.336
1.702 0.384
1.703 0.334
1.703 0.335
1.703 0.336
1.703 0.384
1.704 0.334
1.704 0.335
1.704 0.336
1.704 0.384
1.705 0.334
1.705 0.335
1.705 0.336
1.705 0.384
1.706 0.334
1.706 0.335
1.706 0.336
1.706 0.384
1.707 0.334
1.707 0.335
1.707 0.336
1.707 0.384
1.708 0.334
1.708 0.335
1.708 0.336
1.708 0.384
1.709 0.334
1.709 0.335
1.709 0.336
1.709 0.384
1.71 0.334
1.71 0.335
1.71 0.336
1.711 0.334
1.711 0.335
1.711 0.336
1.712 0.334
1.712 0.335
1.712 0.336
1.713 0.334
1.713 0.335
1.713 0.336
1.714 0.304
1.714 0.334
1.714 0.335
1.714 0.336
1.714 0.364
1.715 0.304
1.715 0.334
1.715 0.335
1.715 0.336
1.716 0.334
1.716 0.335
1.716 0.336
1.717 0.335
1.717 0.336
1.718 0.335
1.718 0.336
1.718 0.385
1.719 0.335
1.719 0.336
1.719 0.385
1.72 0.335
1.72 0.336
1.72 0.385
1.721 0.335
1.721 0.336
1.721 0.385
1.722 0.279
1.722 0.335
1.722 0.336
1.722 0.385
1.723 0.279
1.723 0.335
1.723 0.336
1.723 0.385
1.724 0.335
1.724 0.336
1.724 0.385
1.725 0.335
1.725 0.336
1.725 0.385
1.726 0.335
1.726 0.336
1.726 0.385
1.727 0.335
1.727 0.336
1.727 0.337
1.727 0.385
1.728 0.335
1.728 0.336
1.728 0.337
1.728 0.385
1.729 0.335
1.729 0.336
1.729 0.337
1.729 0.385
1.73 0.335
1.73 0.336
1.73 0.337
1.73 0.385
1.731 0.335
1.731 0.336
1.731 0.337
1.731 0.385
1.732 0.335
1.732 0.336
1.732 0.337
1.732 0.385
1.733 0.335
1.733 0.336
1.733 0.337
1.734 0.335
1.734 0.336
1.734 0.337
1.735 0.335
1.735 0.336
1.735 0.337
1.736 0.335
1.736 0.336
1.736 0.337
1.737 0.292
1.737 0.335
1.737 0.336
1.737 0.337
1.738 0.335
1.738 0.336
1.738 0.337
1.739 0.335
1.739 0.336
1.739 0.337
1.74 0.335
1.74 0.336
1.74 0.337
1.74 0.386
1.741 0.335
1.741 0.336
1.741 0.337
1.741 0.386
1.742 0.335
1.742 0.336
1.742 0.337
1.742 0.386
1.743 0.305
1.743 0.336
1.743 0.337
1.743 0.386
1.744 0.336
1.744 0.337
1.744 0.386
1.745 0.336
1.745 0.337
1.745 0.386
1.746 0.336
1.746 0.337
1.746 0.386
1.747 0.336
1.747 0.337
1.747 0.386
1.748 0.336
1.748 0.337
1.748 0.386
1.749 0.336
1.749 0.337
1.749 0.386
1.75 0.336
1.75 0.337
1.75 0.386
1.751 0.336
1.751 0.337
1.751 0.386
1.752 0.336
1.752 0.337
1.752 0.386
1.753 0.28
1.753 0.336
1.753 0.337
1.753 0.338
1.753 0.386
1.754 0.28
1.754 0.336
1.754 0.337
1.754 0.338
1.754 0.386
1.755 0.336
1.755 0.337
1.755 0.338
1.756 0.336
1.756 0.337
1.756 0.338
1.757 0.336
1.757 0.337
1.757 0.338
1.758 0.336
1.758 0.337
1.758 0.338
1.759 0.336
1.759 0.337
1.759 0.338
1.76 0.336
1.76 0.337
1.76 0.338
1.761 0.336
1.761 0.337
1.761 0.338
1.762 0.336
1.762 0.337
1.762 0.338
1.763 0.336
1.763 0.337
1.763 0.338
1.763 0.387
1.764 0.336
1.764 0.337
1.764 0.338
1.764 0.387
1.765 0.336
1.765 0.337
1.765 0.338
1.765 0.387
1.766 0.336
1.766 0.337
1.766 0.338
1.766 0.344
1.766 0.387
1.767 0.293
1.767 0.336
1.767 0.337
1.767 0.338
1.767 0.387
1.768 0.293
1.768 0.336
1.768 0.337
1.768 0.338
1.768 0.387
1.769 0.337
1.769 0.338
1.769 0.387
1.77 0.337
1.77 0.338
1.77 0.387
1.771 0.306
1.771 0.337
1.771 0.338
1.771 0.387
1.772 0.306
1.772 0.337
1.772 0.338
1.772 0.387
1.773 0.337
1.773 0.338
1.773 0.387
1.774 0.337
1.774 0.338
1.774 0.387
1.775 0.337
1.775 0.338
1.775 0.38
1.775 0.387
1.776 0.337
1.776 0.338
1.776 0.387
1.777 0.337
1.777 0.338
1.777 0.387
1.778 0.337
1.778 0.338
1.779 0.337
1.779 0.338
1.78 0.337
1.78 0.338
1.78 0.339
1.781 0.337
1.781 0.338
1.781 0.339
1.782 0.337
1.782 0.338
1.782 0.339
1.783 0.337
1.783 0.338
1.783 0.339
1.784 0.337
1.784 0.338
1.784 0.339
1.785 0.281
1.785 0.337
1.785 0.338
1.785 0.339
1.786 0.337
1.786 0.338
1.786 0.339
1.786 0.388
1.787 0.337
1.787 0.338
1.787 0.339
1.787 0.388
1.788 0.337
1.788 0.338
1.788 0.339
1.788 0.388
1.789 0.337
1.789 0.338
1.789 0.339
1.789 0.388
1.79 0.337
1.79 0.338
1.79 0.339
1.79 0.388
1.791 0.337
1.791 0.338
1.791 0.339
1.791 0.388
1.792 0.337
1.792 0.338
1.792 0.339
1.792 0.388
1.793 0.337
1.793 0.338
1.793 0.339
1.793 0.388
1.794 0.337
1.794 0.338
1.794 0.339
1.794 0.388
1.795 0.337
1.795 0.338
1.795 0.339
1.795 0.388
1.796 0.338
1.796 0.339
1.796 0.388
1.797 0.338
1.797 0.339
1.797 0.388
1.798 0.294
1.798 0.338
1.798 0.339
1.798 0.388
1.799 0.294
1.799 0.338
1.799 0.339
1.799 0.388
1.8 0.307
1.8 0.338
1.8 0.339
1.8 0.388
1.801 0.307
1.801 0.338
1.801 0.339
1.802 0.271
1.802 0.338
1.802 0.339
1.803 0.271
1.803 0.338
1.803 0.339
1.804 0.338
1.804 0.339
1.805 0.338
1.805 0.339
1.806 0.338
1.806 0.339
1.806 0.34
1.807 0.338
1.807 0.339
1.807 0.34
1.808 0.338
1.808 0.339
1.808 0.34
1.809 0.338
1.809 0.339
1.809 0.34
1.809 0.389
1.81 0.338
1.81 0.339
1.81 0.34
1.81 0.389
1.811 0.338
1.811 0.339
1.811 0.34
1.811 0.389
1.812 0.338
1.812 0.339
1.812 0.34
1.812 0.389
1.813 0.338
1.813 0.339
1.813 0.34
1.813 0.389
1.814 0.338
1.814 0.339
1.814 0.34
1.814 0.389
1.815 0.338
1.815 0.339
1.815 0.34
1.815 0.389
1.816 0.338
1.816 0.339
1.816 0.34
1.816 0.389
1.817 0.282
1.817 0.338
1.817 0.339
1.817 0.34
1.817 0.389
1.818 0.338
1.818 0.339
1.818 0.34
1.818 0.389
1.819 0.338
1.819 0.339
1.819 0.34
1.819 0.389
1.82 0.338
1.82 0.339
1.82 0.34
1.82 0.389
1.821 0.338
1.821 0.339
1.821 0.34
1.821 0.389
1.822 0.338
1.822 0.339
1.822 0.34
1.822 0.389
1.823 0.339
1.823 0.34
1.823 0.389
1.824 0.335
1.824 0.339
1.824 0.34
1.824 0.389
1.825 0.339
1.825 0.34
1.826 0.339
1.826 0.34
1.827 0.339
1.827 0.34
1.828 0.295
1.828 0.339
1.828 0.34
1.829 0.295
1.829 0.339
1.829 0.34
1.83 0.295
1.83 0.308
1.83 0.339
1.83 0.34
1.831 0.339
1.831 0.34
1.832 0.339
1.832 0.34
1.832 0.39
1.833 0.339
1.833 0.34
1.833 0.341
1.833 0.39
1.834 0.339
1.834 0.34
1.834 0.341
1.834 0.39
1.835 0.272
1.835 0.339
1.835 0.34
1.835 0.341
1.835 0.369
1.835 0.39
1.836 0.272
1.836 0.339
1.836 0.34
1.836 0.341
1.836 0.39
1.837 0.272
1.837 0.339
1.837 0.34
1.837 0.341
1.837 0.39
1.838 0.272
1.838 0.339
1.838 0.34
1.838 0.341
1.838 0.39
1.839 0.339
1.839 0.34
1.839 0.341
1.839 0.39
1.84 0.339
1.84 0.34
1.84 0.341
1.84 0.39
1.841 0.339
1.841 0.34
1.841 0.341
1.841 0.39
1.842 0.339
1.842 0.34
1.842 0.341
1.842 0.39
1.843 0.339
1.843 0.34
1.843 0.341
1.843 0.39
1.844 0.339
1.844 0.34
1.844 0.341
1.844 0.39
1.845 0.339
1.845 0.34
1.845 0.341
1.845 0.39
1.846 0.339
1.846 0.34
1.846 0.341
1.846 0.39
1.847 0.339
1.847 0.34
1.847 0.341
1.847 0.39
1.848 0.339
1.848 0.34
1.848 0.341
1.849 0.283
1.849 0.339
1.849 0.34
1.849 0.341
1.85 0.283
1.85 0.34
1.85 0.341
1.851 0.34
1.851 0.341
1.852 0.34
1.852 0.341
1.853 0.34
1.853 0.341
1.854 0.34
1.854 0.341
1.855 0.34
1.855 0.341
1.856 0.34
1.856 0.341
1.856 0.391
1.857 0.34
1.857 0.341
1.857 0.391
1.858 0.34
1.858 0.341
1.858 0.391
1.859 0.34
1.859 0.341
1.859 0.391
1.86 0.296
1.86 0.309
1.86 0.34
1.86 0.341
1.86 0.391
1.861 0.296
1.861 0.34
1.861 0.341
1.861 0.342
1.861 0.391
1.862 0.296
1.862 0.34
1.862 0.341
1.862 0.342
1.862 0.391
1.863 0.296
1.863 0.34
1.863 0.341
1.863 0.342
1.863 0.391
1.864 0.34
1.864 0.341
1.864 0.342
1.864 0.391
1.865 0.34
1.865 0.341
1.865 0.342
1.865 0.391
1.866 0.34
1.866 0.341
1.866 0.342
1.866 0.391
1.867 0.34
1.867 0.341
1.867 0.342
1.867 0.391
1.868 0.34
1.868 0.341
1.868 0.342
1.868 0.391
1.869 0.273
1.869 0.34
1.869 0.341
1.869 0.342
1.869 0.391
1.87 0.273
1.87 0.34
1.87 0.341
1.87 0.342
1.87 0.391
1.871 0.273
1.871 0.34
1.871 0.341
1.871 0.342
1.871 0.391
1.872 0.273
1.872 0.34
1.872 0.341
1.872 0.342
1.873 0.34
1.873 0.341
1.873 0.342
1.874 0.34
1.874 0.341
1.874 0.342
1.875 0.34
1.875 0.341
1.875 0.342
1.876 0.34
1.876 0.341
1.876 0.342
1.877 0.341
1.877 0.342
1.878 0.341
1.878 0.342
1.879 0.341
1.879 0.342
1.88 0.341
1.88 0.342
1.88 0.392
1.881 0.341
1.881 0.342
1.881 0.392
1.882 0.284
1.882 0.341
1.882 0.342
1.882 0.392
1.883 0.284
1.883 0.341
1.883 0.342
1.883 0.392
1.884 0.341
1.884 0.342
1.884 0.392
1.885 0.341
1.885 0.342
1.885 0.392
1.886 0.341
1.886 0.342
1.886 0.392
1.887 0.341
1.887 0.342
1.887 0.392
1.888 0.341
1.888 0.342
1.888 0.392
1.889 0.341
1.889 0.342
1.889 0.343
1.889 0.392
1.89 0.31
1.89 0.341
1.89 0.342
1.89 0.343
1.89 0.392
1.891 0.297
1.891 0.31
1.891 0.341
1.891 0.342
1.891 0.343
1.891 0.392
1.892 0.297
1.892 0.341
1.892 0.342
1.892 0.343
1.892 0.392
1.893 0.297
1.893 0.341
1.893 0.342
1.893 0.343
1.893 0.392
1.894 0.297
1.894 0.341
1.894 0.342
1.894 0.343
1.894 0.392
1.895 0.297
1.895 0.341
1.895 0.342
1.895 0.343
1.895 0.392
1.896 0.297
1.896 0.341
1.896 0.342
1.896 0.343
1.897 0.341
1.897 0.342
1.897 0.343
1.898 0.341
1.898 0.342
1.898 0.343
1.899 0.341
1.899 0.342
1.899 0.343
1.9 0.341
1.9 0.342
1.9 0.343
1.901 0.341
1.901 0.342
1.901 0.343
1.902 0.341
1.902 0.342
1.902 0.343
1.903 0.341
1.903 0.342
1.903 0.343
1.904 0.274
1.904 0.341
1.904 0.342
1.904 0.343
1.904 0.393
1.905 0.274
1.905 0.342
1.905 0.343
1.905 0.393
1.906 0.274
1.906 0.342
1.906 0.343
1.906 0.393
1.907 0.342
1.907 0.343
1.907 0.393
1.908 0.342
1.908 0.343
1.908 0.393
1.909 0.342
1.909 0.343
1.909 0.393
1.91 0.342
1.91 0.343
1.91 0.393
1.911 0.342
1.911 0.343
1.911 0.393
1.912 0.342
1.912 0.343
1.912 0.393
1.913 0.342
1.913 0.343
1.913 0.393
1.914 0.342
1.914 0.343
1.914 0.393
1.914 0.409
1.915 0.342
1.915 0.343
1.915 0.393
1.916 0.285
1.916 0.342
1.916 0.343
1.916 0.393
1.917 0.342
1.917 0.343
1.917 0.344
1.917 0.393
1.918 0.342
1.918 0.343
1.918 0.344
1.918 0.393
1.919 0.342
1.919 0.343
1.919 0.344
1.919 0.393
1.92 0.342
1.92 0.343
1.92 0.344
1.921 0.311
1.921 0.342
1.921 0.343
1.921 0.344
1.922 0.342
1.922 0.343
1.922 0.344
1.923 0.298
1.923 0.342
1.923 0.343
1.923 0.344
1.924 0.298
1.924 0.342
1.924 0.343
1.924 0.344
1.925 0.298
1.925 0.342
1.925 0.343
1.925 0.344
1.926 0.298
1.926 0.342
1.926 0.343
1.926 0.344
1.927 0.298
1.927 0.342
1.927 0.343
1.927 0.344
1.928 0.298
1.928 0.342
1.928 0.343
1.928 0.344
1.928 0.394
1.929 0.298
1.929 0.342
1.929 0.343
1.929 0.344
1.929 0.394
1.93 0.342
1.93 0.343
1.93 0.344
1.93 0.394
1.931 0.342
1.931 0.343
1.931 0.344
1.931 0.394
1.932 0.342
1.932 0.343
1.932 0.344
1.932 0.394
1.933 0.343
1.933 0.344
1.933 0.394
1.934 0.343
1.934 0.344
1.934 0.394
1.935 0.343
1.935 0.344
1.935 0.394
1.936 0.343
1.936 0.344
1.936 0.394
1.937 0.343
1.937 0.344
1.937 0.394
1.938 0.343
1.938 0.344
1.938 0.394
1.939 0.275
1.939 0.343
1.939 0.344
1.939 0.394
1.94 0.275
1.94 0.343
1.94 0.344
1.94 0.394
1.941 0.275
1.941 0.343
1.941 0.344
1.941 0.394
1.942 0.343
1.942 0.344
1.942 0.394
1.943 0.343
1.943 0.344
1.943 0.394
1.944 0.343
1.944 0.344
1.944 0.394
1.945 0.343
1.945 0.344
1.946 0.343
1.946 0.344
1.946 0.345
1.947 0.343
1.947 0.344
1.947 0.345
1.948 0.343
1.948 0.344
1.948 0.345
1.949 0.286
1.949 0.343
1.949 0.344
1.949 0.345
1.95 0.286
1.95 0.343
1.95 0.344
1.95 0.345
1.951 0.343
1.951 0.344
1.951 0.345
1.952 0.312
1.952 0.343
1.952 0.344
1.952 0.345
1.953 0.343
1.953 0.344
1.953 0.345
1.953 0.395
1.954 0.343
1.954 0.344
1.954 0.345
1.954 0.395
1.955 0.343
1.955 0.344
1.955 0.345
1.955 0.395
1.956 0.299
1.956 0.343
1.956 0.344
1.956 0.345
1.956 0.395
1.957 0.299
1.957 0.343
1.957 0.344
1.957 0.345
1.957 0.395
1.958 0.299
1.958 0.343
1.958 0.344
1.958 0.345
1.958 0.395
1.959 0.299
1.959 0.343
1.959 0.344
1.959 0.345
1.959 0.395
1.96 0.299
1.96 0.343
1.96 0.344
1.96 0.345
1.96 0.395
1.961 0.299
1.961 0.343
1.961 0.344
1.961 0.345
1.961 0.395
1.962 0.299
1.962 0.344
1.962 0.345
1.962 0.395
1.963 0.299
1.963 0.344
1.963 0.345
1.963 0.395
1.964 0.344
1.964 0.345
1.964 0.395
1.965 0.344
1.965 0.345
1.965 0.395
1.966 0.344
1.966 0.345
1.966 0.395
1.967 0.344
1.967 0.345
1.967 0.395
1.968 0.344
1.968 0.345
1.968 0.395
1.969 0.344
1.969 0.345
1.969 0.395
1.97 0.344
1.97 0.345
1.971 0.344
1.971 0.345
1.972 0.344
1.972 0.345
1.973 0.344
1.973 0.345
1.974 0.276
1.974 0.344
1.974 0.345
1.975 0.276
1.975 0.344
1.975 0.345
1.976 0.276
1.976 0.344
1.976 0.345
1.976 0.346
1.977 0.276
1.977 0.344
1.977 0.345
1.977 0.346
1.978 0.344
1.978 0.345
1.978 0.346
1.978 0.396
1.979 0.344
1.979 0.345
1.979 0.346
1.979 0.396
1.98 0.344
1.98 0.345
1.98 0.346
1.98 0.396
1.981 0.344
1.981 0.345
1.981 0.346
1.981 0.396
1.981 0.405
1.982 0.344
1.982 0.345
1.982 0.346
1.982 0.396
1.983 0.313
1.983 0.344
1.983 0.345
1.983 0.346
1.983 0.396
1.984 0.287
1.984 0.313
1.984 0.344
1.984 0.345
1.984 0.346
1.984 0.396
1.985 0.344
1.985 0.345
1.985 0.346
1.985 0.396
1.986 0.344
1.986 0.345
1.986 0.346
1.986 0.396
1.987 0.344
1.987 0.345
1.987 0.346
1.987 0.396
1.988 0.344
1.988 0.345
1.988 0.346
1.988 0.396
1.989 0.3
1.989 0.344
1.989 0.345
1.989 0.346
1.989 0.396
1.99 0.3
1.99 0.345
1.99 0.346
1.99 0.396
1.991 0.3
1.991 0.345
1.991 0.346
1.991 0.396
1.992 0.3
1.992 0.345
1.992 0.346
1.992 0.396
1.993 0.3
1.993 0.345
1.993 0.346
1.993 0.396
1.994 0.3
1.994 0.345
1.994 0.346
1.994 0.396
1.995 0.3
1.995 0.345
1.995 0.346
1.996 0.3
1.996 0.345
1.996 0.346
1.997 0.3
1.997 0.345
1.997 0.346
1.998 0.3
1.998 0.345
1.998 0.346
1.999 0.345
1.999 0.346
