0.01 0.13
0.013 0.137
0.015 0.141
0.019 0.109
0.02 0.136
0.022 0.116
0.024 0.155
0.03 0.162
0.031 0.163
0.036 0.153
0.036 0.168
0.037 0.169
0.041 0.157
0.046 0.179
0.048 0.12
0.049 0.157
0.055 0.129
0.057 0.127
0.06 0.186
0.061 0.149
0.061 0.17
0.062 0.128
0.063 0.188
0.063 0.202
0.069 0.141
0.07 0.192
0.072 0.193
0.074 0.194
0.076 0.195
0.078 0.134
0.086 0.206
0.09 0.161
0.093 0.137
0.095 0.204
0.098 0.139
0.1 0.178
0.1 0.206
0.102 0.207
0.105 0.157
0.105 0.191
0.106 0.196
0.106 0.206
0.107 0.209
0.109 0.216
0.11 0.204
0.114 0.176
0.115 0.193
0.115 0.215
0.118 0.157
0.118 0.184
0.118 0.194
0.122 0.148
0.125 0.222
0.127 0.171
0.129 0.22
0.133 0.154
0.134 0.199
0.141 0.201
0.146 0.192
0.148 0.203
0.15 0.193
0.155 0.225
0.157 0.207
0.158 0.173
0.162 0.153
0.162 0.227
0.166 0.228
0.169 0.229
0.173 0.23
0.174 0.184
0.175 0.189
0.177 0.231
0.178 0.156
0.184 0.212
0.188 0.186
0.193 0.203
0.201 0.232
0.201 0.237
0.202 0.216
0.205 0.238
0.207 0.163
0.21 0.239
0.211 0.162
0.211 0.239
0.212 0.165
0.214 0.24
0.215 0.184
0.217 0.189
0.218 0.208
0.219 0.241
0.223 0.209
0.223 0.242
0.228 0.243
0.229 0.255
0.232 0.244
0.234 0.211
0.237 0.166
0.237 0.223
0.238 0.201
0.244 0.202
0.245 0.174
0.252 0.248
0.257 0.249
0.259 0.227
0.262 0.25
0.263 0.25
0.264 0.2
0.264 0.245
0.265 0.258
0.266 0.192
0.268 0.251
0.27 0.273
0.273 0.193
0.273 0.252
0.279 0.25
0.279 0.253
0.282 0.219
0.284 0.254
0.285 0.254
0.295 0.233
0.295 0.256
0.308 0.235
0.309 0.262
0.313 0.259
0.317 0.183
0.319 0.26
0.321 0.237
0.321 0.264
0.323 0.225
0.325 0.261
0.326 0.261
0.328 0.238
0.329 0.24
0.332 0.262
0.333 0.205
0.333 0.259
0.335 0.239
0.337 0.234
0.338 0.263
0.339 0.263
0.342 0.178
0.342 0.24
0.344 0.264
0.345 0.228
0.345 0.264
0.346 0.179
0.346 0.268
0.349 0.241
0.351 0.265
0.352 0.265
0.358 0.266
0.358 0.274
0.363 0.18
0.364 0.243
0.364 0.267
0.365 0.194
0.374 0.232
0.379 0.245
0.381 0.242
0.383 0.186
0.385 0.27
0.387 0.246
0.393 0.234
0.395 0.247
0.395 0.268
0.398 0.226
0.4 0.272
0.401 0.192
0.401 0.235
0.403 0.248
0.407 0.228
0.407 0.243
0.407 0.273
0.408 0.273
0.41 0.236
0.41 0.27
0.411 0.2
0.411 0.249
0.415 0.274
0.416 0.229
0.416 0.274
0.419 0.219
0.422 0.194
0.422 0.275
0.423 0.275
0.428 0.251
0.43 0.276
0.431 0.276
0.433 0.195
0.438 0.277
0.439 0.277
0.445 0.253
0.446 0.278
0.447 0.213
0.454 0.254
0.455 0.241
0.463 0.255
0.465 0.242
0.466 0.277
0.47 0.281
0.472 0.256
0.474 0.243
0.477 0.19
0.479 0.282
0.479 0.286
0.483 0.191
0.483 0.279
0.484 0.244
0.487 0.283
0.488 0.283
0.49 0.192
0.491 0.258
0.496 0.284
0.496 0.288
0.497 0.284
0.498 0.196
0.498 0.284
0.502 0.218
0.504 0.217
0.505 0.285
0.506 0.285
0.514 0.286
0.515 0.286
0.517 0.278
0.518 0.195
0.52 0.261
0.523 0.287
0.524 0.287
0.525 0.254
0.53 0.262
0.531 0.194
0.532 0.288
0.533 0.288
0.534 0.288
0.535 0.195
0.536 0.249
0.541 0.289
0.542 0.289
0.544 0.204
0.545 0.298
0.547 0.25
0.551 0.264
0.554 0.299
0.557 0.251
0.558 0.251
0.561 0.265
0.569 0.252
0.572 0.266
0.575 0.224
0.576 0.289
0.582 0.2
0.583 0.267
0.586 0.29
0.59 0.294
0.592 0.303
0.594 0.268
0.598 0.208
0.6 0.295
0.601 0.226
0.601 0.295
0.605 0.269
0.607 0.204
0.609 0.236
0.61 0.296
0.611 0.296
0.612 0.296
0.614 0.202
0.615 0.272
0.616 0.264
0.616 0.27
0.617 0.293
0.62 0.297
0.621 0.297
0.622 0.237
0.622 0.297
0.628 0.257
0.628 0.271
0.628 0.272
0.631 0.298
0.632 0.298
0.633 0.201
0.633 0.298
0.638 0.206
0.64 0.258
0.642 0.229
0.642 0.299
0.643 0.299
0.644 0.299
0.651 0.273
0.652 0.259
0.652 0.3
0.653 0.3
0.653 0.309
0.654 0.3
0.659 0.204
0.661 0.292
0.663 0.274
0.663 0.301
0.665 0.26
0.675 0.213
0.676 0.275
0.678 0.261
0.679 0.231
0.686 0.278
0.688 0.276
0.692 0.321
0.693 0.297
0.694 0.206
0.696 0.205
0.7 0.233
0.701 0.277
0.704 0.232
0.706 0.301
0.707 0.206
0.707 0.214
0.707 0.215
0.708 0.207
0.708 0.305
0.713 0.278
0.72 0.306
0.721 0.306
0.724 0.231
0.726 0.279
0.728 0.211
0.732 0.265
0.732 0.307
0.733 0.307
0.734 0.307
0.735 0.211
0.739 0.28
0.74 0.301
0.74 0.312
0.742 0.317
0.744 0.308
0.745 0.227
0.745 0.266
0.745 0.308
0.746 0.266
0.746 0.308
0.747 0.308
0.752 0.253
0.752 0.313
0.753 0.281
0.756 0.309
0.757 0.309
0.758 0.309
0.759 0.267
0.759 0.309
0.76 0.267
0.764 0.314
0.766 0.282
0.767 0.254
0.768 0.31
0.769 0.31
0.77 0.31
0.771 0.31
0.773 0.338
0.774 0.268
0.78 0.283
0.781 0.311
0.782 0.311
0.783 0.311
0.784 0.311
0.789 0.269
0.792 0.308
0.794 0.284
0.794 0.312
0.795 0.239
0.806 0.212
0.806 0.313
0.807 0.329
0.808 0.285
0.81 0.221
0.813 0.231
0.814 0.318
0.815 0.323
0.818 0.31
0.82 0.212
0.82 0.214
0.822 0.286
0.828 0.222
0.832 0.315
0.836 0.287
0.837 0.287
0.84 0.32
0.843 0.214
0.847 0.223
0.847 0.343
0.851 0.288
0.853 0.321
0.859 0.317
0.86 0.214
0.86 0.317
0.862 0.291
0.863 0.308
0.864 0.274
0.865 0.274
0.866 0.289
0.867 0.219
0.872 0.325
0.873 0.318
0.874 0.318
0.875 0.318
0.88 0.275
0.88 0.323
0.88 0.328
0.881 0.275
0.881 0.29
0.887 0.319
0.888 0.319
0.889 0.319
0.889 0.332
0.89 0.319
0.896 0.276
0.896 0.291
0.897 0.276
0.897 0.291
0.899 0.266
0.9 0.245
0.901 0.32
0.902 0.32
0.903 0.32
0.904 0.32
0.905 0.225
0.906 0.236
0.912 0.292
0.913 0.277
0.915 0.321
0.916 0.321
0.917 0.321
0.918 0.321
0.921 0.331
0.925 0.237
0.926 0.227
0.927 0.293
0.928 0.293
0.929 0.322
0.93 0.278
0.93 0.322
0.931 0.322
0.932 0.322
0.933 0.322
0.935 0.31
0.935 0.332
0.939 0.33
0.94 0.292
0.943 0.294
0.944 0.294
0.944 0.323
0.945 0.323
0.946 0.228
0.952 0.235
0.952 0.29
0.958 0.324
0.959 0.295
0.96 0.295
0.976 0.296
0.978 0.234
0.978 0.335
0.98 0.293
0.989 0.322
0.99 0.22
0.992 0.297
0.993 0.297
0.994 0.22
0.994 0.233
0.996 0.228
0.998 0.282
0.999 0.282
1.003 0.327
1.009 0.298
1.01 0.231
1.01 0.298
1.014 0.226
1.015 0.283
1.016 0.283
1.017 0.283
1.019 0.328
1.025 0.333
1.026 0.225
1.026 0.299
1.027 0.299
1.033 0.284
1.034 0.284
1.034 0.329
1.035 0.284
1.035 0.329
1.036 0.252
1.036 0.325
1.036 0.329
1.043 0.273
1.044 0.3
1.05 0.33
1.051 0.33
1.052 0.285
1.052 0.326
1.052 0.33
1.053 0.285
1.053 0.33
1.054 0.33
1.055 0.303
1.056 0.335
1.061 0.301
1.062 0.301
1.066 0.331
1.067 0.331
1.068 0.331
1.069 0.331
1.07 0.331
1.071 0.331
1.071 0.332
1.072 0.286
1.072 0.336
1.075 0.224
1.078 0.234
1.078 0.277
1.079 0.302
1.082 0.332
1.083 0.225
1.083 0.332
1.084 0.332
1.085 0.332
1.086 0.332
1.087 0.283
1.087 0.332
1.088 0.337
1.089 0.262
1.09 0.34
1.092 0.245
1.095 0.225
1.097 0.303
1.099 0.333
1.1 0.333
1.101 0.333
1.102 0.333
1.102 0.358
1.103 0.333
1.107 0.225
1.11 0.24
1.111 0.23
1.115 0.304
1.115 0.334
1.116 0.304
1.116 0.334
1.117 0.334
1.118 0.334
1.119 0.314
1.121 0.256
1.129 0.325
1.131 0.23
1.132 0.335
1.133 0.305
1.133 0.335
1.133 0.345
1.134 0.305
1.141 0.253
1.143 0.257
1.145 0.308
1.148 0.29
1.149 0.29
1.149 0.336
1.15 0.227
1.152 0.227
1.152 0.306
1.153 0.306
1.154 0.341
1.155 0.316
1.167 0.229
1.17 0.333
1.171 0.307
1.171 0.342
1.172 0.307
1.176 0.246
1.182 0.328
1.187 0.292
1.188 0.259
1.19 0.308
1.191 0.308
1.198 0.272
1.201 0.339
1.204 0.278
1.208 0.293
1.21 0.309
1.212 0.229
1.212 0.368
1.217 0.309
1.219 0.34
1.22 0.34
1.221 0.34
1.229 0.31
1.23 0.294
1.23 0.31
1.235 0.351
1.237 0.341
1.238 0.341
1.239 0.341
1.24 0.341
1.241 0.313
1.242 0.337
1.249 0.311
1.25 0.311
1.251 0.273
1.253 0.298
1.255 0.342
1.256 0.342
1.257 0.342
1.258 0.342
1.259 0.342
1.26 0.342
1.261 0.236
1.261 0.342
1.262 0.371
1.264 0.286
1.27 0.312
1.274 0.274
1.274 0.343
1.275 0.242
1.275 0.343
1.276 0.343
1.277 0.343
1.278 0.343
1.279 0.343
1.29 0.313
1.29 0.314
1.291 0.313
1.292 0.265
1.293 0.344
1.294 0.344
1.295 0.344
1.296 0.344
1.296 0.349
1.297 0.344
1.298 0.344
1.301 0.243
1.304 0.246
1.307 0.355
1.311 0.314
1.312 0.314
1.312 0.345
1.313 0.345
1.314 0.345
1.315 0.345
1.316 0.298
1.316 0.345
1.328 0.244
1.331 0.346
1.332 0.315
1.332 0.346
1.333 0.315
1.337 0.299
1.338 0.299
1.342 0.234
1.35 0.347
1.353 0.316
1.354 0.316
1.359 0.3
1.36 0.3
1.361 0.3
1.372 0.353
1.375 0.317
1.376 0.317
1.377 0.371
1.382 0.301
1.383 0.301
1.384 0.246
1.384 0.301
1.385 0.263
1.394 0.339
1.396 0.318
1.397 0.293
1.397 0.318
1.402 0.279
1.406 0.302
1.407 0.302
1.409 0.35
1.412 0.247
1.417 0.346
1.418 0.319
1.419 0.319
1.421 0.294
1.43 0.322
1.43 0.351
1.436 0.269
1.441 0.248
1.441 0.32
1.441 0.362
1.442 0.32
1.446 0.245
1.45 0.352
1.451 0.352
1.452 0.352
1.453 0.352
1.461 0.363
1.463 0.27
1.463 0.321
1.463 0.384
1.464 0.321
1.465 0.321
1.466 0.266
1.467 0.345
1.47 0.249
1.47 0.296
1.471 0.353
1.472 0.353
1.472 0.358
1.473 0.276
1.473 0.353
1.474 0.249
1.474 0.353
1.475 0.324
1.475 0.353
1.476 0.353
1.478 0.239
1.486 0.322
1.487 0.322
1.488 0.29
1.488 0.322
1.49 0.271
1.492 0.354
1.493 0.354
1.494 0.354
1.495 0.239
1.495 0.297
1.495 0.354
1.496 0.354
1.497 0.354
1.498 0.354
1.5 0.25
1.502 0.306
1.503 0.246
1.503 0.306
1.506 0.247
1.51 0.283
1.51 0.323
1.511 0.323
1.513 0.355
1.514 0.355
1.515 0.355
1.516 0.355
1.517 0.355
1.518 0.245
1.518 0.272
1.518 0.355
1.519 0.355
1.526 0.307
1.527 0.245
1.527 0.307
1.533 0.324
1.534 0.324
1.534 0.356
1.535 0.356
1.536 0.356
1.537 0.284
1.537 0.356
1.538 0.356
1.539 0.356
1.54 0.292
1.54 0.356
1.541 0.356
1.544 0.346
1.544 0.352
1.546 0.273
1.549 0.29
1.55 0.308
1.551 0.243
1.551 0.308
1.552 0.308
1.556 0.357
1.556 0.362
1.557 0.325
1.557 0.357
1.558 0.325
1.558 0.357
1.559 0.264
1.559 0.357
1.56 0.297
1.56 0.308
1.561 0.252
1.564 0.285
1.566 0.353
1.576 0.309
1.577 0.309
1.578 0.309
1.578 0.358
1.579 0.358
1.581 0.247
1.581 0.326
1.582 0.244
1.582 0.326
1.588 0.242
1.592 0.253
1.592 0.286
1.595 0.253
1.602 0.31
1.603 0.31
1.604 0.31
1.605 0.327
1.606 0.327
1.607 0.327
1.611 0.355
1.612 0.248
1.612 0.349
1.62 0.287
1.622 0.352
1.623 0.256
1.624 0.254
1.625 0.254
1.629 0.311
1.63 0.311
1.63 0.328
1.631 0.328
1.641 0.339
1.644 0.366
1.646 0.369
1.648 0.288
1.648 0.305
1.653 0.299
1.655 0.244
1.655 0.329
1.656 0.255
1.656 0.329
1.657 0.357
1.665 0.354
1.668 0.362
1.677 0.289
1.678 0.267
1.68 0.33
1.68 0.358
1.681 0.33
1.682 0.33
1.69 0.245
1.691 0.363
1.692 0.363
1.693 0.278
1.693 0.363
1.704 0.245
1.704 0.359
1.706 0.29
1.706 0.331
1.707 0.331
1.709 0.314
1.71 0.314
1.715 0.364
1.716 0.364
1.717 0.364
1.718 0.364
1.719 0.364
1.719 0.375
1.721 0.262
1.723 0.251
1.731 0.247
1.731 0.354
1.732 0.332
1.733 0.332
1.735 0.315
1.736 0.291
1.736 0.315
1.737 0.315
1.738 0.365
1.739 0.365
1.74 0.365
1.741 0.365
1.742 0.365
1.742 0.376
1.743 0.365
1.744 0.365
1.745 0.365
1.752 0.361
1.753 0.333
1.758 0.333
1.758 0.374
1.759 0.333
1.76 0.333
1.762 0.316
1.762 0.366
1.763 0.316
1.763 0.366
1.764 0.316
1.764 0.366
1.765 0.316
1.765 0.366
1.766 0.292
1.766 0.366
1.767 0.366
1.768 0.366
1.769 0.336
1.769 0.366
1.77 0.248
1.77 0.366
1.776 0.362
1.783 0.372
1.785 0.334
1.786 0.281
1.786 0.334
1.786 0.367
1.787 0.367
1.788 0.367
1.789 0.367
1.789 0.378
1.79 0.25
1.79 0.317
1.79 0.367
1.791 0.317
1.791 0.367
1.792 0.317
1.792 0.367
1.793 0.317
1.793 0.367
1.794 0.271
1.794 0.367
1.796 0.259
1.799 0.248
1.801 0.363
1.807 0.373
1.811 0.368
1.812 0.335
1.812 0.368
1.813 0.335
1.813 0.368
1.814 0.289
1.814 0.368
1.815 0.368
1.816 0.368
1.818 0.282
1.819 0.318
1.82 0.28
1.82 0.318
1.821 0.318
1.826 0.364
1.827 0.294
1.831 0.358
1.836 0.369
1.837 0.369
1.839 0.336
1.84 0.294
1.84 0.336
1.841 0.307
1.846 0.312
1.849 0.319
1.85 0.272
1.85 0.319
1.851 0.365
1.853 0.252
1.856 0.375
1.861 0.381
1.866 0.337
1.867 0.337
1.868 0.282
1.868 0.337
1.881 0.376
1.887 0.284
1.893 0.302
1.894 0.338
1.895 0.338
1.896 0.338
1.9 0.262
1.901 0.262
1.906 0.377
1.909 0.361
1.915 0.321
1.917 0.285
1.922 0.339
1.923 0.339
1.924 0.339
1.929 0.372
1.932 0.263
1.937 0.373
1.939 0.322
1.94 0.333
1.943 0.374
1.951 0.34
1.952 0.34
1.952 0.395
1.953 0.34
1.963 0.374
1.963 0.406
1.964 0.374
1.965 0.374
1.966 0.258
1.967 0.323
1.968 0.323
1.969 0.255
1.969 0.264
1.969 0.323
1.97 0.264
1.975 0.264
1.98 0.329
1.98 0.341
1.981 0.341
1.982 0.341
1.983 0.38
1.986 0.293
1.989 0.276
1.99 0.375
1.991 0.375
1.992 0.375
1.993 0.375
1.997 0.324
1.998 0.324
1.999 0.324
