0.02 0.17
0.03 0.13
0.03 0.18
0.04 0.19
0.05 0.2
0.06 0.21
0.08 0.22
0.09 0.23
0.1 0.23
0.11 0.24
0.12 0.24
0.13 0.24
0.14 0.25
0.15 0.25
0.16 0.25
0.17 0.26
0.18 0.26
0.19 0.26
0.2 0.19
0.2 0.27
0.21 0.27
0.22 0.27
0.23 0.27
0.24 0.28
0.25 0.28
0.26 0.2
0.26 0.28
0.27 0.28
0.28 0.28
0.28 0.29
0.29 0.29
0.3 0.29
0.31 0.29
0.32 0.29
0.33 0.21
0.33 0.29
0.34 0.29
0.34 0.3
0.35 0.3
0.36 0.3
0.37 0.3
0.38 0.3
0.39 0.3
0.39 0.31
0.4 0.3
0.4 0.31
0.41 0.31
0.42 0.22
0.42 0.31
0.43 0.31
0.44 0.31
0.45 0.31
0.46 0.31
0.46 0.32
0.47 0.31
0.47 0.32
0.48 0.32
0.49 0.32
0.5 0.32
0.51 0.32
0.52 0.23
0.52 0.32
0.53 0.32
0.54 0.32
0.54 0.33
0.55 0.32
0.55 0.33
0.56 0.32
0.56 0.33
0.57 0.33
0.58 0.33
0.59 0.33
0.6 0.33
0.61 0.33
0.62 0.33
0.62 0.34
0.63 0.33
0.63 0.34
0.64 0.33
0.64 0.34
0.65 0.24
0.65 0.33
0.65 0.34
0.66 0.34
0.67 0.34
0.68 0.34
0.69 0.34
0.7 0.34
0.71 0.34
0.72 0.34
0.72 0.35
0.73 0.34
0.73 0.35
0.74 0.34
0.74 0.35
0.75 0.34
0.75 0.35
0.76 0.35
0.77 0.35
0.78 0.35
0.79 0.25
0.79 0.35
0.8 0.35
0.81 0.35
0.82 0.35
0.83 0.35
0.83 0.36
0.84 0.35
0.84 0.36
0.85 0.35
0.85 0.36
0.86 0.35
0.86 0.36
0.87 0.35
0.87 0.36
0.88 0.36
0.89 0.36
0.9 0.36
0.91 0.36
0.92 0.36
0.93 0.36
0.94 0.36
0.95 0.36
0.95 0.37
0.96 0.26
0.96 0.36
0.96 0.37
0.97 0.26
0.97 0.36
0.97 0.37
0.98 0.36
0.98 0.37
0.99 0.36
0.99 0.37
1.0 0.36
1.0 0.37
1.01 0.36
1.01 0.37
1.02 0.37
1.03 0.37
1.04 0.37
1.05 0.37
1.06 0.37
1.07 0.37
1.08 0.37
1.08 0.38
1.09 0.37
1.09 0.38
1.1 0.37
1.1 0.38
1.11 0.37
1.11 0.38
1.12 0.37
1.12 0.38
1.13 0.37
1.13 0.38
1.14 0.37
1.14 0.38
1.15 0.37
1.15 0.38
1.16 0.27
1.16 0.38
1.17 0.27
1.17 0.38
1.18 0.38
1.19 0.38
1.2 0.38
1.21 0.38
1.22 0.38
1.23 0.38
1.23 0.39
1.24 0.38
1.24 0.39
1.25 0.38
1.25 0.39
1.26 0.38
1.26 0.39
1.27 0.38
1.27 0.39
1.28 0.38
1.28 0.39
1.29 0.38
1.29 0.39
1.3 0.38
1.3 0.39
1.31 0.38
1.31 0.39
1.32 0.38
1.32 0.39
1.33 0.39
1.34 0.39
1.35 0.39
1.36 0.39
1.37 0.39
1.38 0.39
1.39 0.28
1.39 0.39
1.4 0.28
1.4 0.39
1.4 0.4
1.41 0.39
1.41 0.4
1.42 0.39
1.42 0.4
1.43 0.39
1.43 0.4
1.44 0.39
1.44 0.4
1.45 0.39
1.45 0.4
1.46 0.39
1.46 0.4
1.47 0.39
1.47 0.4
1.48 0.39
1.48 0.4
1.49 0.39
1.49 0.4
1.5 0.39
1.5 0.4
1.51 0.4
1.52 0.4
1.53 0.4
1.54 0.4
1.55 0.4
1.56 0.4
1.57 0.4
1.58 0.4
1.58 0.41
1.59 0.4
1.59 0.41
1.6 0.4
1.6 0.41
1.61 0.4
1.61 0.41
1.62 0.4
1.62 0.41
1.63 0.4
1.63 0.41
1.64 0.4
1.64 0.41
1.65 0.4
1.65 0.41
1.66 0.29
1.66 0.4
1.66 0.41
1.67 0.29
1.67 0.4
1.67 0.41
1.68 0.4
1.68 0.41
1.69 0.4
1.69 0.41
1.7 0.4
1.7 0.41
1.71 0.4
1.71 0.41
1.72 0.41
1.73 0.41
1.74 0.41
1.75 0.41
1.76 0.41
1.77 0.41
1.78 0.41
1.78 0.42
1.79 0.41
1.79 0.42
1.8 0.41
1.8 0.42
1.81 0.41
1.81 0.42
1.82 0.41
1.82 0.42
1.83 0.41
1.83 0.42
1.84 0.41
1.84 0.42
1.85 0.41
1.85 0.42
1.86 0.41
1.86 0.42
1.87 0.41
1.87 0.42
1.88 0.41
1.88 0.42
1.89 0.41
1.89 0.42
1.9 0.41
1.9 0.42
1.91 0.41
1.91 0.42
1.92 0.41
1.92 0.42
1.93 0.41
1.93 0.42
1.94 0.42
1.95 0.42
1.96 0.3
1.96 0.42
1.97 0.3
1.97 0.42
1.98 0.3
1.98 0.42
1.99 0.42
