0.012 0.132
0.029 0.109
0.032 0.121
0.033 0.132
0.035 0.137
0.039 0.14
0.043 0.154
0.045 0.149
0.052 0.177
0.052 0.185
0.055 0.179
0.055 0.187
0.061 0.146
0.061 0.191
0.063 0.127
0.064 0.139
0.066 0.194
0.067 0.156
0.079 0.145
0.082 0.168
0.083 0.137
0.087 0.17
0.092 0.137
0.098 0.21
0.1 0.152
0.1 0.169
0.109 0.148
0.111 0.206
0.114 0.156
0.117 0.17
0.12 0.171
0.121 0.219
0.124 0.172
0.126 0.177
0.127 0.173
0.131 0.174
0.132 0.147
0.135 0.151
0.135 0.175
0.136 0.241
0.139 0.176
0.14 0.195
0.142 0.176
0.143 0.177
0.144 0.217
0.147 0.178
0.148 0.228
0.151 0.179
0.156 0.159
0.158 0.231
0.165 0.168
0.165 0.223
0.166 0.161
0.167 0.202
0.169 0.179
0.17 0.169
0.172 0.235
0.172 0.243
0.175 0.17
0.185 0.212
0.191 0.173
0.195 0.259
0.198 0.209
0.201 0.201
0.21 0.234
0.212 0.245
0.219 0.236
0.231 0.172
0.233 0.18
0.244 0.252
0.249 0.253
0.249 0.272
0.25 0.203
0.253 0.183
0.259 0.244
0.259 0.255
0.26 0.184
0.264 0.256
0.266 0.196
0.269 0.217
0.275 0.214
0.275 0.247
0.28 0.224
0.282 0.179
0.282 0.187
0.287 0.199
0.29 0.18
0.293 0.281
0.298 0.205
0.298 0.251
0.302 0.263
0.304 0.252
0.305 0.206
0.306 0.206
0.308 0.264
0.309 0.284
0.312 0.207
0.313 0.207
0.315 0.183
0.316 0.179
0.317 0.203
0.318 0.213
0.32 0.208
0.321 0.208
0.322 0.192
0.323 0.221
0.327 0.209
0.328 0.209
0.329 0.256
0.33 0.193
0.332 0.268
0.335 0.209
0.335 0.21
0.336 0.21
0.338 0.269
0.339 0.194
0.341 0.216
0.341 0.233
0.342 0.258
0.343 0.211
0.344 0.211
0.345 0.211
0.347 0.265
0.348 0.195
0.349 0.217
0.349 0.259
0.349 0.291
0.351 0.187
0.351 0.212
0.351 0.271
0.352 0.212
0.353 0.212
0.357 0.196
0.358 0.208
0.359 0.213
0.36 0.213
0.361 0.213
0.364 0.273
0.366 0.197
0.368 0.214
0.369 0.214
0.37 0.214
0.371 0.274
0.374 0.183
0.377 0.215
0.378 0.215
0.38 0.19
0.384 0.264
0.385 0.199
0.386 0.216
0.387 0.216
0.391 0.265
0.395 0.2
0.395 0.217
0.396 0.217
0.4 0.223
0.403 0.231
0.405 0.201
0.405 0.218
0.406 0.218
0.406 0.267
0.406 0.279
0.409 0.224
0.411 0.193
0.412 0.242
0.413 0.28
0.414 0.219
0.414 0.268
0.415 0.202
0.415 0.219
0.424 0.186
0.424 0.22
0.425 0.203
0.425 0.22
0.428 0.282
0.436 0.204
0.436 0.283
0.444 0.196
0.447 0.205
0.454 0.273
0.458 0.206
0.462 0.274
0.467 0.198
0.469 0.207
0.471 0.275
0.476 0.288
0.477 0.231
0.479 0.199
0.479 0.276
0.48 0.208
0.484 0.289
0.488 0.277
0.492 0.209
0.497 0.278
0.498 0.233
0.501 0.291
0.506 0.252
0.506 0.279
0.507 0.223
0.51 0.292
0.515 0.28
0.524 0.281
0.527 0.316
0.529 0.203
0.531 0.236
0.531 0.306
0.534 0.282
0.543 0.283
0.552 0.246
0.553 0.284
0.555 0.297
0.563 0.285
0.564 0.298
0.57 0.321
0.573 0.286
0.574 0.299
0.579 0.229
0.579 0.322
0.58 0.216
0.583 0.211
0.583 0.287
0.59 0.26
0.593 0.217
0.593 0.288
0.593 0.301
0.602 0.242
0.603 0.289
0.603 0.302
0.607 0.218
0.607 0.223
0.612 0.209
0.613 0.262
0.613 0.303
0.614 0.29
0.618 0.232
0.621 0.219
0.623 0.304
0.634 0.305
0.635 0.292
0.636 0.22
0.642 0.211
0.644 0.306
0.645 0.234
0.646 0.293
0.648 0.269
0.65 0.221
0.655 0.307
0.657 0.294
0.658 0.212
0.659 0.235
0.661 0.266
0.665 0.222
0.669 0.295
0.673 0.213
0.676 0.206
0.676 0.309
0.68 0.223
0.68 0.296
0.684 0.242
0.687 0.31
0.689 0.214
0.692 0.297
0.695 0.224
0.696 0.224
0.697 0.243
0.698 0.243
0.703 0.298
0.705 0.215
0.71 0.312
0.711 0.225
0.711 0.244
0.712 0.244
0.713 0.244
0.715 0.299
0.717 0.239
0.721 0.313
0.724 0.245
0.725 0.245
0.726 0.245
0.727 0.226
0.727 0.245
0.727 0.3
0.728 0.245
0.728 0.26
0.733 0.314
0.737 0.252
0.737 0.265
0.739 0.246
0.739 0.272
0.739 0.301
0.74 0.246
0.741 0.246
0.742 0.246
0.743 0.227
0.743 0.246
0.744 0.227
0.745 0.315
0.748 0.309
0.752 0.302
0.753 0.247
0.753 0.273
0.754 0.247
0.755 0.247
0.756 0.218
0.756 0.247
0.757 0.247
0.758 0.247
0.76 0.228
0.764 0.303
0.768 0.248
0.769 0.248
0.769 0.317
0.77 0.248
0.771 0.248
0.771 0.263
0.772 0.248
0.773 0.248
0.777 0.229
0.777 0.304
0.779 0.243
0.781 0.275
0.781 0.318
0.782 0.21
0.782 0.255
0.784 0.249
0.785 0.249
0.786 0.249
0.787 0.249
0.788 0.249
0.789 0.249
0.79 0.215
0.79 0.305
0.791 0.22
0.793 0.319
0.794 0.23
0.794 0.343
0.795 0.276
0.799 0.25
0.8 0.25
0.801 0.25
0.802 0.25
0.803 0.211
0.803 0.25
0.803 0.306
0.804 0.25
0.805 0.25
0.806 0.32
0.809 0.221
0.811 0.231
0.812 0.231
0.813 0.257
0.816 0.251
0.816 0.266
0.816 0.307
0.817 0.251
0.818 0.251
0.818 0.321
0.819 0.251
0.82 0.251
0.821 0.251
0.823 0.237
0.828 0.241
0.829 0.232
0.829 0.258
0.829 0.308
0.83 0.308
0.831 0.322
0.832 0.252
0.833 0.252
0.834 0.252
0.835 0.252
0.836 0.252
0.837 0.252
0.838 0.252
0.843 0.309
0.844 0.323
0.847 0.233
0.849 0.253
0.85 0.253
0.851 0.253
0.852 0.253
0.853 0.253
0.854 0.253
0.855 0.253
0.857 0.31
0.857 0.324
0.863 0.269
0.865 0.234
0.866 0.234
0.866 0.254
0.866 0.349
0.867 0.254
0.868 0.254
0.869 0.254
0.87 0.254
0.87 0.281
0.87 0.325
0.871 0.254
0.871 0.311
0.871 0.325
0.872 0.254
0.877 0.336
0.88 0.249
0.884 0.235
0.884 0.255
0.884 0.326
0.885 0.225
0.885 0.255
0.885 0.312
0.886 0.255
0.887 0.255
0.888 0.255
0.889 0.255
0.898 0.25
0.898 0.327
0.899 0.313
0.901 0.283
0.902 0.256
0.903 0.236
0.903 0.256
0.904 0.256
0.905 0.226
0.905 0.256
0.906 0.256
0.907 0.256
0.911 0.328
0.912 0.328
0.913 0.314
0.913 0.328
0.914 0.314
0.916 0.251
0.917 0.284
0.92 0.257
0.921 0.257
0.921 0.302
0.922 0.237
0.922 0.257
0.923 0.237
0.923 0.257
0.924 0.257
0.925 0.227
0.925 0.329
0.926 0.329
0.928 0.315
0.93 0.264
0.939 0.258
0.94 0.258
0.94 0.33
0.941 0.258
0.942 0.238
0.943 0.316
0.948 0.265
0.95 0.286
0.953 0.253
0.954 0.331
0.957 0.259
0.958 0.317
0.961 0.239
0.962 0.239
0.966 0.266
0.968 0.332
0.969 0.332
0.97 0.357
0.972 0.254
0.973 0.318
0.974 0.26
0.975 0.26
0.976 0.26
0.977 0.26
0.982 0.24
0.983 0.24
0.983 0.333
0.984 0.267
0.988 0.23
0.988 0.319
0.989 0.319
0.992 0.261
0.993 0.261
0.994 0.261
0.995 0.261
0.996 0.261
0.997 0.261
0.998 0.334
0.999 0.235
1.001 0.289
1.002 0.241
1.003 0.241
1.004 0.32
1.011 0.256
1.011 0.262
1.012 0.262
1.013 0.262
1.013 0.335
1.014 0.262
1.015 0.262
1.016 0.262
1.017 0.262
1.02 0.321
1.023 0.242
1.024 0.242
1.028 0.336
1.03 0.263
1.031 0.257
1.031 0.263
1.032 0.263
1.033 0.263
1.034 0.263
1.035 0.263
1.036 0.263
1.036 0.291
1.036 0.322
1.037 0.263
1.043 0.337
1.044 0.337
1.045 0.243
1.046 0.243
1.051 0.258
1.051 0.264
1.052 0.225
1.052 0.264
1.052 0.323
1.053 0.264
1.054 0.233
1.054 0.264
1.054 0.292
1.055 0.264
1.056 0.264
1.057 0.264
1.059 0.338
1.06 0.271
1.066 0.244
1.067 0.244
1.068 0.324
1.069 0.324
1.072 0.265
1.072 0.293
1.073 0.265
1.074 0.265
1.075 0.265
1.075 0.339
1.076 0.265
1.077 0.234
1.077 0.265
1.078 0.265
1.08 0.272
1.085 0.325
1.087 0.239
1.088 0.245
1.089 0.245
1.091 0.34
1.093 0.266
1.094 0.266
1.095 0.266
1.096 0.266
1.097 0.266
1.098 0.266
1.099 0.255
1.1 0.235
1.1 0.273
1.102 0.326
1.107 0.341
1.109 0.295
1.111 0.246
1.112 0.246
1.116 0.267
1.117 0.267
1.118 0.267
1.119 0.267
1.119 0.327
1.12 0.274
1.123 0.228
1.123 0.342
1.124 0.228
1.124 0.342
1.128 0.296
1.131 0.231
1.132 0.284
1.133 0.247
1.134 0.247
1.135 0.247
1.135 0.262
1.136 0.328
1.137 0.328
1.138 0.268
1.139 0.268
1.14 0.268
1.14 0.343
1.147 0.297
1.148 0.297
1.149 0.297
1.152 0.285
1.153 0.329
1.154 0.329
1.156 0.344
1.157 0.242
1.157 0.248
1.157 0.263
1.157 0.344
1.158 0.248
1.167 0.298
1.171 0.33
1.171 0.356
1.172 0.33
1.173 0.345
1.174 0.345
1.179 0.264
1.18 0.249
1.181 0.243
1.181 0.249
1.183 0.277
1.189 0.331
1.19 0.346
1.191 0.346
1.192 0.318
1.193 0.287
1.204 0.25
1.205 0.25
1.207 0.332
1.208 0.332
1.208 0.347
1.214 0.288
1.222 0.24
1.225 0.333
1.225 0.348
1.226 0.279
1.226 0.333
1.226 0.348
1.228 0.251
1.229 0.251
1.23 0.251
1.234 0.257
1.243 0.349
1.244 0.334
1.247 0.302
1.248 0.241
1.248 0.28
1.249 0.241
1.253 0.252
1.254 0.252
1.259 0.236
1.259 0.295
1.261 0.35
1.262 0.335
1.263 0.231
1.263 0.335
1.268 0.303
1.274 0.242
1.278 0.253
1.279 0.253
1.279 0.351
1.281 0.336
1.282 0.336
1.289 0.304
1.295 0.269
1.297 0.352
1.298 0.352
1.3 0.337
1.301 0.337
1.303 0.254
1.304 0.254
1.304 0.365
1.305 0.254
1.306 0.235
1.308 0.379
1.309 0.324
1.316 0.353
1.32 0.338
1.321 0.338
1.323 0.293
1.329 0.255
1.33 0.255
1.331 0.255
1.332 0.306
1.333 0.261
1.334 0.354
1.335 0.354
1.336 0.299
1.34 0.284
1.34 0.339
1.344 0.271
1.353 0.355
1.354 0.307
1.354 0.355
1.355 0.245
1.355 0.256
1.356 0.234
1.356 0.256
1.359 0.34
1.36 0.34
1.364 0.285
1.369 0.272
1.372 0.356
1.373 0.356
1.376 0.308
1.379 0.341
1.38 0.341
1.382 0.257
1.383 0.246
1.386 0.32
1.387 0.378
1.388 0.286
1.389 0.369
1.392 0.357
1.393 0.279
1.393 0.357
1.394 0.279
1.398 0.241
1.4 0.342
1.401 0.342
1.409 0.258
1.411 0.247
1.411 0.358
1.412 0.287
1.412 0.358
1.416 0.28
1.416 0.297
1.417 0.28
1.418 0.28
1.419 0.28
1.419 0.317
1.42 0.274
1.42 0.343
1.421 0.31
1.421 0.343
1.431 0.359
1.432 0.359
1.437 0.288
1.438 0.258
1.44 0.248
1.44 0.281
1.44 0.298
1.441 0.281
1.441 0.344
1.442 0.251
1.442 0.281
1.442 0.344
1.443 0.281
1.444 0.281
1.445 0.281
1.446 0.275
1.451 0.36
1.452 0.36
1.457 0.243
1.462 0.289
1.462 0.345
1.463 0.345
1.464 0.282
1.465 0.282
1.466 0.282
1.467 0.282
1.468 0.282
1.468 0.312
1.469 0.249
1.469 0.282
1.47 0.282
1.471 0.282
1.472 0.361
1.484 0.346
1.485 0.346
1.489 0.283
1.49 0.283
1.491 0.283
1.492 0.283
1.492 0.362
1.493 0.283
1.493 0.362
1.494 0.283
1.495 0.283
1.496 0.283
1.497 0.283
1.499 0.25
1.505 0.347
1.506 0.347
1.513 0.363
1.514 0.284
1.514 0.363
1.515 0.284
1.516 0.284
1.517 0.284
1.518 0.284
1.519 0.284
1.52 0.284
1.521 0.284
1.522 0.284
1.523 0.284
1.524 0.284
1.527 0.278
1.527 0.348
1.528 0.348
1.529 0.251
1.534 0.364
1.535 0.364
1.54 0.285
1.54 0.315
1.541 0.285
1.542 0.285
1.543 0.285
1.544 0.285
1.545 0.285
1.546 0.285
1.547 0.285
1.548 0.285
1.549 0.285
1.549 0.349
1.55 0.285
1.55 0.349
1.551 0.263
1.551 0.285
1.555 0.365
1.556 0.365
1.56 0.252
1.564 0.316
1.566 0.293
1.567 0.286
1.568 0.286
1.568 0.393
1.569 0.286
1.57 0.286
1.571 0.286
1.571 0.35
1.572 0.286
1.572 0.35
1.573 0.286
1.573 0.35
1.574 0.286
1.575 0.286
1.576 0.286
1.576 0.366
1.577 0.286
1.577 0.366
1.578 0.286
1.581 0.264
1.588 0.394
1.589 0.317
1.591 0.253
1.593 0.294
1.594 0.287
1.594 0.351
1.595 0.287
1.595 0.351
1.596 0.287
1.597 0.287
1.598 0.287
1.598 0.367
1.599 0.287
1.599 0.367
1.6 0.287
1.601 0.287
1.602 0.287
1.603 0.287
1.604 0.265
1.604 0.287
1.605 0.287
1.606 0.287
1.611 0.265
1.611 0.281
1.612 0.265
1.617 0.352
1.618 0.352
1.62 0.368
1.621 0.368
1.622 0.288
1.623 0.254
1.623 0.288
1.624 0.288
1.625 0.288
1.626 0.288
1.627 0.288
1.628 0.288
1.629 0.288
1.63 0.288
1.63 0.381
1.631 0.288
1.632 0.288
1.633 0.288
1.634 0.288
1.64 0.282
1.64 0.319
1.64 0.353
1.641 0.353
1.642 0.266
1.642 0.369
1.643 0.266
1.643 0.369
1.644 0.266
1.646 0.249
1.648 0.296
1.65 0.289
1.651 0.289
1.652 0.289
1.653 0.289
1.654 0.244
1.654 0.289
1.655 0.255
1.655 0.289
1.656 0.26
1.656 0.289
1.657 0.289
1.658 0.289
1.659 0.289
1.66 0.289
1.661 0.289
1.662 0.289
1.663 0.289
1.663 0.354
1.664 0.354
1.664 0.37
1.665 0.37
1.666 0.32
1.669 0.273
1.669 0.283
1.671 0.307
1.673 0.267
1.674 0.267
1.675 0.267
1.676 0.297
1.679 0.29
1.68 0.29
1.681 0.29
1.682 0.29
1.683 0.29
1.684 0.29
1.685 0.29
1.686 0.29
1.687 0.29
1.687 0.355
1.687 0.371
1.688 0.29
1.688 0.355
1.688 0.371
1.689 0.29
1.69 0.29
1.691 0.29
1.692 0.29
1.692 0.321
1.696 0.27
1.699 0.284
1.704 0.268
1.705 0.268
1.706 0.268
1.708 0.291
1.709 0.291
1.71 0.291
1.71 0.372
1.711 0.291
1.711 0.356
1.711 0.363
1.711 0.372
1.712 0.291
1.712 0.356
1.713 0.251
1.713 0.291
1.714 0.291
1.715 0.291
1.716 0.291
1.717 0.291
1.718 0.291
1.719 0.291
1.72 0.291
1.721 0.257
1.721 0.291
1.726 0.309
1.729 0.285
1.731 0.275
1.733 0.299
1.733 0.373
1.734 0.373
1.735 0.357
1.736 0.269
1.736 0.357
1.737 0.269
1.738 0.269
1.738 0.292
1.739 0.269
1.739 0.292
1.74 0.292
1.741 0.292
1.742 0.292
1.743 0.292
1.744 0.292
1.745 0.292
1.745 0.323
1.746 0.292
1.747 0.292
1.748 0.292
1.749 0.292
1.75 0.292
1.751 0.292
1.754 0.263
1.754 0.31
1.756 0.374
1.756 0.402
1.757 0.374
1.759 0.358
1.76 0.358
1.761 0.358
1.764 0.247
1.769 0.27
1.769 0.293
1.77 0.27
1.77 0.293
1.771 0.247
1.771 0.27
1.771 0.293
1.772 0.293
1.773 0.293
1.773 0.324
1.774 0.293
1.775 0.293
1.776 0.293
1.777 0.293
1.778 0.293
1.779 0.293
1.78 0.293
1.78 0.375
1.781 0.293
1.781 0.375
1.784 0.359
1.785 0.359
1.789 0.259
1.792 0.301
1.795 0.277
1.8 0.294
1.8 0.325
1.801 0.294
1.802 0.294
1.803 0.294
1.804 0.271
1.804 0.294
1.804 0.376
1.805 0.294
1.805 0.376
1.806 0.294
1.807 0.294
1.808 0.294
1.809 0.294
1.809 0.36
1.81 0.294
1.81 0.36
1.811 0.294
1.818 0.254
1.822 0.288
1.822 0.302
1.824 0.249
1.824 0.26
1.825 0.26
1.828 0.326
1.828 0.377
1.829 0.377
1.831 0.295
1.832 0.295
1.833 0.295
1.834 0.295
1.834 0.361
1.835 0.295
1.835 0.361
1.836 0.295
1.836 0.361
1.837 0.295
1.838 0.295
1.839 0.295
1.84 0.295
1.841 0.295
1.842 0.295
1.845 0.389
1.845 0.406
1.852 0.303
1.852 0.378
1.853 0.378
1.854 0.255
1.854 0.289
1.854 0.378
1.856 0.327
1.859 0.261
1.86 0.362
1.861 0.362
1.864 0.296
1.865 0.296
1.866 0.296
1.867 0.296
1.868 0.296
1.869 0.296
1.87 0.296
1.871 0.296
1.872 0.296
1.873 0.296
1.874 0.296
1.877 0.379
1.878 0.273
1.878 0.379
1.883 0.304
1.885 0.328
1.886 0.29
1.886 0.363
1.887 0.363
1.893 0.276
1.895 0.262
1.897 0.297
1.898 0.297
1.899 0.297
1.9 0.297
1.901 0.297
1.902 0.297
1.902 0.38
1.903 0.297
1.903 0.38
1.904 0.297
1.905 0.297
1.906 0.297
1.911 0.256
1.912 0.364
1.913 0.364
1.914 0.305
1.914 0.329
1.919 0.291
1.927 0.268
1.927 0.381
1.928 0.381
1.93 0.298
1.931 0.263
1.931 0.298
1.932 0.298
1.933 0.298
1.934 0.298
1.935 0.298
1.936 0.298
1.937 0.298
1.938 0.298
1.938 0.365
1.939 0.365
1.94 0.365
1.943 0.33
1.946 0.306
1.952 0.292
1.952 0.382
1.953 0.382
1.954 0.382
1.964 0.299
1.965 0.299
1.965 0.366
1.966 0.299
1.966 0.366
1.967 0.299
1.968 0.264
1.968 0.299
1.969 0.299
1.97 0.299
1.971 0.299
1.973 0.331
1.978 0.307
1.978 0.383
1.979 0.383
1.98 0.299
1.983 0.26
1.992 0.367
1.993 0.367
1.994 0.367
1.998 0.283
1.999 0.3
