0.01 0.01
0.01 0.02
0.01 0.03
0.01 0.04
0.01 0.05
0.01 0.06
0.01 0.07
0.01 0.08
0.01 0.24
0.01 0.25
0.01 0.26
0.01 0.27
0.01 0.28
0.01 0.29
0.01 0.3
0.01 0.31
0.01 0.32
0.01 0.33
0.01 0.34
0.01 0.35
0.01 0.36
0.01 0.37
0.01 0.38
0.01 0.39
0.01 0.4
0.01 0.41
0.01 0.42
0.01 0.43
0.01 0.44
0.01 0.45
0.01 0.46
0.01 0.47
0.01 0.48
0.01 0.49
0.01 0.5
0.01 0.51
0.01 0.52
0.01 0.53
0.01 0.54
0.01 0.55
0.01 0.56
0.01 0.57
0.01 0.58
0.01 0.59
0.02 0.01
0.02 0.02
0.02 0.03
0.02 0.04
0.02 0.05
0.02 0.06
0.02 0.07
0.02 0.08
0.02 0.09
0.02 0.1
0.02 0.27
0.02 0.28
0.02 0.29
0.02 0.3
0.02 0.31
0.02 0.32
0.02 0.33
0.02 0.34
0.02 0.35
0.02 0.36
0.02 0.37
0.02 0.38
0.02 0.39
0.02 0.4
0.02 0.41
0.02 0.42
0.02 0.43
0.02 0.44
0.02 0.45
0.02 0.46
0.02 0.47
0.02 0.48
0.02 0.49
0.02 0.5
0.02 0.51
0.02 0.52
0.02 0.53
0.02 0.54
0.02 0.55
0.02 0.56
0.02 0.57
0.02 0.58
0.02 0.59
0.03 0.01
0.03 0.02
0.03 0.03
0.03 0.04
0.03 0.05
0.03 0.06
0.03 0.07
0.03 0.08
0.03 0.09
0.03 0.1
0.03 0.29
0.03 0.3
0.03 0.31
0.03 0.32
0.03 0.33
0.03 0.34
0.03 0.35
0.03 0.36
0.03 0.37
0.03 0.38
0.03 0.39
0.03 0.4
0.03 0.41
0.03 0.42
0.03 0.43
0.03 0.44
0.03 0.45
0.03 0.46
0.03 0.47
0.03 0.48
0.03 0.49
0.03 0.5
0.03 0.51
0.03 0.52
0.03 0.53
0.03 0.54
0.03 0.55
0.03 0.56
0.03 0.57
0.03 0.58
0.03 0.59
0.04 0.01
0.04 0.02
0.04 0.03
0.04 0.04
0.04 0.05
0.04 0.06
0.04 0.07
0.04 0.08
0.04 0.09
0.04 0.1
0.04 0.11
0.04 0.31
0.04 0.32
0.04 0.33
0.04 0.34
0.04 0.35
0.04 0.36
0.04 0.37
0.04 0.38
0.04 0.39
0.04 0.4
0.04 0.41
0.04 0.42
0.04 0.43
0.04 0.44
0.04 0.45
0.04 0.46
0.04 0.47
0.04 0.48
0.04 0.49
0.04 0.5
0.04 0.51
0.04 0.52
0.04 0.53
0.04 0.54
0.04 0.55
0.04 0.56
0.04 0.57
0.04 0.58
0.04 0.59
0.05 0.01
0.05 0.02
0.05 0.03
0.05 0.04
0.05 0.05
0.05 0.06
0.05 0.07
0.05 0.08
0.05 0.09
0.05 0.1
0.05 0.11
0.05 0.12
0.05 0.32
0.05 0.33
0.05 0.34
0.05 0.35
0.05 0.36
0.05 0.37
0.05 0.38
0.05 0.39
0.05 0.4
0.05 0.41
0.05 0.42
0.05 0.43
0.05 0.44
0.05 0.45
0.05 0.46
0.05 0.47
0.05 0.48
0.05 0.49
0.05 0.5
0.05 0.51
0.05 0.52
0.05 0.53
0.05 0.54
0.05 0.55
0.05 0.56
0.05 0.57
0.05 0.58
0.05 0.59
0.06 0.01
0.06 0.02
0.06 0.03
0.06 0.04
0.06 0.05
0.06 0.06
0.06 0.07
0.06 0.08
0.06 0.09
0.06 0.1
0.06 0.11
0.06 0.12
0.06 0.34
0.06 0.35
0.06 0.36
0.06 0.37
0.06 0.38
0.06 0.39
0.06 0.4
0.06 0.41
0.06 0.42
0.06 0.43
0.06 0.44
0.06 0.45
0.06 0.46
0.06 0.47
0.06 0.48
0.06 0.49
0.06 0.5
0.06 0.51
0.06 0.52
0.06 0.53
0.06 0.54
0.06 0.55
0.06 0.56
0.06 0.57
0.06 0.58
0.06 0.59
0.07 0.01
0.07 0.02
0.07 0.03
0.07 0.04
0.07 0.05
0.07 0.06
0.07 0.07
0.07 0.08
0.07 0.09
0.07 0.1
0.07 0.11
0.07 0.12
0.07 0.35
0.07 0.36
0.07 0.37
0.07 0.38
0.07 0.39
0.07 0.4
0.07 0.41
0.07 0.42
0.07 0.43
0.07 0.44
0.07 0.45
0.07 0.46
0.07 0.47
0.07 0.48
0.07 0.49
0.07 0.5
0.07 0.51
0.07 0.52
0.07 0.53
0.07 0.54
0.07 0.55
0.07 0.56
0.07 0.57
0.07 0.58
0.07 0.59
0.08 0.01
0.08 0.02
0.08 0.03
0.08 0.04
0.08 0.05
0.08 0.06
0.08 0.07
0.08 0.08
0.08 0.09
0.08 0.1
0.08 0.11
0.08 0.12
0.08 0.13
0.08 0.36
0.08 0.37
0.08 0.38
0.08 0.39
0.08 0.4
0.08 0.41
0.08 0.42
0.08 0.43
0.08 0.44
0.08 0.45
0.08 0.46
0.08 0.47
0.08 0.48
0.08 0.49
0.08 0.5
0.08 0.51
0.08 0.52
0.08 0.53
0.08 0.54
0.08 0.55
0.08 0.56
0.08 0.57
0.08 0.58
0.08 0.59
0.09 0.01
0.09 0.02
0.09 0.03
0.09 0.04
0.09 0.05
0.09 0.06
0.09 0.07
0.09 0.08
0.09 0.09
0.09 0.1
0.09 0.11
0.09 0.12
0.09 0.13
0.09 0.36
0.09 0.37
0.09 0.38
0.09 0.39
0.09 0.4
0.09 0.41
0.09 0.42
0.09 0.43
0.09 0.44
0.09 0.45
0.09 0.46
0.09 0.47
0.09 0.48
0.09 0.49
0.09 0.5
0.09 0.51
0.09 0.52
0.09 0.53
0.09 0.54
0.09 0.55
0.09 0.56
0.09 0.57
0.09 0.58
0.09 0.59
0.1 0.01
0.1 0.02
0.1 0.03
0.1 0.04
0.1 0.05
0.1 0.06
0.1 0.07
0.1 0.08
0.1 0.09
0.1 0.1
0.1 0.11
0.1 0.12
0.1 0.13
0.1 0.37
0.1 0.38
0.1 0.39
0.1 0.4
0.1 0.41
0.1 0.42
0.1 0.43
0.1 0.44
0.1 0.45
0.1 0.46
0.1 0.47
0.1 0.48
0.1 0.49
0.1 0.5
0.1 0.51
0.1 0.52
0.1 0.53
0.1 0.54
0.1 0.55
0.1 0.56
0.1 0.57
0.1 0.58
0.1 0.59
0.11 0.01
0.11 0.02
0.11 0.03
0.11 0.04
0.11 0.05
0.11 0.06
0.11 0.07
0.11 0.08
0.11 0.09
0.11 0.1
0.11 0.11
0.11 0.12
0.11 0.13
0.11 0.14
0.11 0.38
0.11 0.39
0.11 0.4
0.11 0.41
0.11 0.42
0.11 0.43
0.11 0.44
0.11 0.45
0.11 0.46
0.11 0.47
0.11 0.48
0.11 0.49
0.11 0.5
0.11 0.51
0.11 0.52
0.11 0.53
0.11 0.54
0.11 0.55
0.11 0.56
0.11 0.57
0.11 0.58
0.11 0.59
0.12 0.01
0.12 0.02
0.12 0.03
0.12 0.04
0.12 0.05
0.12 0.06
0.12 0.07
0.12 0.08
0.12 0.09
0.12 0.1
0.12 0.11
0.12 0.12
0.12 0.13
0.12 0.14
0.12 0.39
0.12 0.4
0.12 0.41
0.12 0.42
0.12 0.43
0.12 0.44
0.12 0.45
0.12 0.46
0.12 0.47
0.12 0.48
0.12 0.49
0.12 0.5
0.12 0.51
0.12 0.52
0.12 0.53
0.12 0.54
0.12 0.55
0.12 0.56
0.12 0.57
0.12 0.58
0.12 0.59
0.13 0.01
0.13 0.02
0.13 0.03
0.13 0.04
0.13 0.05
0.13 0.06
0.13 0.07
0.13 0.08
0.13 0.09
0.13 0.1
0.13 0.11
0.13 0.12
0.13 0.13
0.13 0.14
0.13 0.39
0.13 0.4
0.13 0.41
0.13 0.42
0.13 0.43
0.13 0.44
0.13 0.45
0.13 0.46
0.13 0.47
0.13 0.48
0.13 0.49
0.13 0.5
0.13 0.51
0.13 0.52
0.13 0.53
0.13 0.54
0.13 0.55
0.13 0.56
0.13 0.57
0.13 0.58
0.13 0.59
0.14 0.01
0.14 0.02
0.14 0.03
0.14 0.04
0.14 0.05
0.14 0.06
0.14 0.07
0.14 0.08
0.14 0.09
0.14 0.1
0.14 0.11
0.14 0.12
0.14 0.13
0.14 0.14
0.14 0.4
0.14 0.41
0.14 0.42
0.14 0.43
0.14 0.44
0.14 0.45
0.14 0.46
0.14 0.47
0.14 0.48
0.14 0.49
0.14 0.5
0.14 0.51
0.14 0.52
0.14 0.53
0.14 0.54
0.14 0.55
0.14 0.56
0.14 0.57
0.14 0.58
0.14 0.59
0.15 0.01
0.15 0.02
0.15 0.03
0.15 0.04
0.15 0.05
0.15 0.06
0.15 0.07
0.15 0.08
0.15 0.09
0.15 0.1
0.15 0.11
0.15 0.12
0.15 0.13
0.15 0.14
0.15 0.15
0.15 0.4
0.15 0.41
0.15 0.42
0.15 0.43
0.15 0.44
0.15 0.45
0.15 0.46
0.15 0.47
0.15 0.48
0.15 0.49
0.15 0.5
0.15 0.51
0.15 0.52
0.15 0.53
0.15 0.54
0.15 0.55
0.15 0.56
0.15 0.57
0.15 0.58
0.15 0.59
0.16 0.01
0.16 0.02
0.16 0.03
0.16 0.04
0.16 0.05
0.16 0.06
0.16 0.07
0.16 0.08
0.16 0.09
0.16 0.1
0.16 0.11
0.16 0.12
0.16 0.13
0.16 0.14
0.16 0.15
0.16 0.41
0.16 0.42
0.16 0.43
0.16 0.44
0.16 0.45
0.16 0.46
0.16 0.47
0.16 0.48
0.16 0.49
0.16 0.5
0.16 0.51
0.16 0.52
0.16 0.53
0.16 0.54
0.16 0.55
0.16 0.56
0.16 0.57
0.16 0.58
0.16 0.59
0.17 0.01
0.17 0.02
0.17 0.03
0.17 0.04
0.17 0.05
0.17 0.06
0.17 0.07
0.17 0.08
0.17 0.09
0.17 0.1
0.17 0.11
0.17 0.12
0.17 0.13
0.17 0.14
0.17 0.15
0.17 0.41
0.17 0.42
0.17 0.43
0.17 0.44
0.17 0.45
0.17 0.46
0.17 0.47
0.17 0.48
0.17 0.49
0.17 0.5
0.17 0.51
0.17 0.52
0.17 0.53
0.17 0.54
0.17 0.55
0.17 0.56
0.17 0.57
0.17 0.58
0.17 0.59
0.18 0.01
0.18 0.02
0.18 0.03
0.18 0.04
0.18 0.05
0.18 0.06
0.18 0.07
0.18 0.08
0.18 0.09
0.18 0.1
0.18 0.11
0.18 0.12
0.18 0.13
0.18 0.14
0.18 0.15
0.18 0.42
0.18 0.43
0.18 0.44
0.18 0.45
0.18 0.46
0.18 0.47
0.18 0.48
0.18 0.49
0.18 0.5
0.18 0.51
0.18 0.52
0.18 0.53
0.18 0.54
0.18 0.55
0.18 0.56
0.18 0.57
0.18 0.58
0.18 0.59
0.19 0.01
0.19 0.02
0.19 0.03
0.19 0.04
0.19 0.05
0.19 0.06
0.19 0.07
0.19 0.08
0.19 0.09
0.19 0.1
0.19 0.11
0.19 0.12
0.19 0.13
0.19 0.14
0.19 0.15
0.19 0.42
0.19 0.43
0.19 0.44
0.19 0.45
0.19 0.46
0.19 0.47
0.19 0.48
0.19 0.49
0.19 0.5
0.19 0.51
0.19 0.52
0.19 0.53
0.19 0.54
0.19 0.55
0.19 0.56
0.19 0.57
0.19 0.58
0.19 0.59
0.2 0.01
0.2 0.02
0.2 0.03
0.2 0.04
0.2 0.05
0.2 0.06
0.2 0.07
0.2 0.08
0.2 0.09
0.2 0.1
0.2 0.11
0.2 0.12
0.2 0.13
0.2 0.14
0.2 0.15
0.2 0.43
0.2 0.44
0.2 0.45
0.2 0.46
0.2 0.47
0.2 0.48
0.2 0.49
0.2 0.5
0.2 0.51
0.2 0.52
0.2 0.53
0.2 0.54
0.2 0.55
0.2 0.56
0.2 0.57
0.2 0.58
0.2 0.59
0.21 0.01
0.21 0.02
0.21 0.03
0.21 0.04
0.21 0.05
0.21 0.06
0.21 0.07
0.21 0.08
0.21 0.09
0.21 0.1
0.21 0.11
0.21 0.12
0.21 0.13
0.21 0.14
0.21 0.15
0.21 0.16
0.21 0.43
0.21 0.44
0.21 0.45
0.21 0.46
0.21 0.47
0.21 0.48
0.21 0.49
0.21 0.5
0.21 0.51
0.21 0.52
0.21 0.53
0.21 0.54
0.21 0.55
0.21 0.56
0.21 0.57
0.21 0.58
0.21 0.59
0.22 0.01
0.22 0.02
0.22 0.03
0.22 0.04
0.22 0.05
0.22 0.06
0.22 0.07
0.22 0.08
0.22 0.09
0.22 0.1
0.22 0.11
0.22 0.12
0.22 0.13
0.22 0.14
0.22 0.15
0.22 0.16
0.22 0.44
0.22 0.45
0.22 0.46
0.22 0.47
0.22 0.48
0.22 0.49
0.22 0.5
0.22 0.51
0.22 0.52
0.22 0.53
0.22 0.54
0.22 0.55
0.22 0.56
0.22 0.57
0.22 0.58
0.22 0.59
0.23 0.01
0.23 0.02
0.23 0.03
0.23 0.04
0.23 0.05
0.23 0.06
0.23 0.07
0.23 0.08
0.23 0.09
0.23 0.1
0.23 0.11
0.23 0.12
0.23 0.13
0.23 0.14
0.23 0.15
0.23 0.16
0.23 0.44
0.23 0.45
0.23 0.46
0.23 0.47
0.23 0.48
0.23 0.49
0.23 0.5
0.23 0.51
0.23 0.52
0.23 0.53
0.23 0.54
0.23 0.55
0.23 0.56
0.23 0.57
0.23 0.58
0.23 0.59
0.24 0.01
0.24 0.02
0.24 0.03
0.24 0.04
0.24 0.05
0.24 0.06
0.24 0.07
0.24 0.08
0.24 0.09
0.24 0.1
0.24 0.11
0.24 0.12
0.24 0.13
0.24 0.14
0.24 0.15
0.24 0.16
0.24 0.44
0.24 0.45
0.24 0.46
0.24 0.47
0.24 0.48
0.24 0.49
0.24 0.5
0.24 0.51
0.24 0.52
0.24 0.53
0.24 0.54
0.24 0.55
0.24 0.56
0.24 0.57
0.24 0.58
0.24 0.59
0.25 0.01
0.25 0.02
0.25 0.03
0.25 0.04
0.25 0.05
0.25 0.06
0.25 0.07
0.25 0.08
0.25 0.09
0.25 0.1
0.25 0.11
0.25 0.12
0.25 0.13
0.25 0.14
0.25 0.15
0.25 0.16
0.25 0.45
0.25 0.46
0.25 0.47
0.25 0.48
0.25 0.49
0.25 0.5
0.25 0.51
0.25 0.52
0.25 0.53
0.25 0.54
0.25 0.55
0.25 0.56
0.25 0.57
0.25 0.58
0.25 0.59
0.26 0.01
0.26 0.02
0.26 0.03
0.26 0.04
0.26 0.05
0.26 0.06
0.26 0.07
0.26 0.08
0.26 0.09
0.26 0.1
0.26 0.11
0.26 0.12
0.26 0.13
0.26 0.14
0.26 0.15
0.26 0.16
0.26 0.45
0.26 0.46
0.26 0.47
0.26 0.48
0.26 0.49
0.26 0.5
0.26 0.51
0.26 0.52
0.26 0.53
0.26 0.54
0.26 0.55
0.26 0.56
0.26 0.57
0.26 0.58
0.26 0.59
0.27 0.01
0.27 0.02
0.27 0.03
0.27 0.04
0.27 0.05
0.27 0.06
0.27 0.07
0.27 0.08
0.27 0.09
0.27 0.1
0.27 0.11
0.27 0.12
0.27 0.13
0.27 0.14
0.27 0.15
0.27 0.16
0.27 0.45
0.27 0.46
0.27 0.47
0.27 0.48
0.27 0.49
0.27 0.5
0.27 0.51
0.27 0.52
0.27 0.53
0.27 0.54
0.27 0.55
0.27 0.56
0.27 0.57
0.27 0.58
0.27 0.59
0.28 0.01
0.28 0.02
0.28 0.03
0.28 0.04
0.28 0.05
0.28 0.06
0.28 0.07
0.28 0.08
0.28 0.09
0.28 0.1
0.28 0.11
0.28 0.12
0.28 0.13
0.28 0.14
0.28 0.15
0.28 0.16
0.28 0.17
0.28 0.46
0.28 0.47
0.28 0.48
0.28 0.49
0.28 0.5
0.28 0.51
0.28 0.52
0.28 0.53
0.28 0.54
0.28 0.55
0.28 0.56
0.28 0.57
0.28 0.58
0.28 0.59
0.29 0.01
0.29 0.02
0.29 0.03
0.29 0.04
0.29 0.05
0.29 0.06
0.29 0.07
0.29 0.08
0.29 0.09
0.29 0.1
0.29 0.11
0.29 0.12
0.29 0.13
0.29 0.14
0.29 0.15
0.29 0.16
0.29 0.17
0.29 0.46
0.29 0.47
0.29 0.48
0.29 0.49
0.29 0.5
0.29 0.51
0.29 0.52
0.29 0.53
0.29 0.54
0.29 0.55
0.29 0.56
0.29 0.57
0.29 0.58
0.29 0.59
0.3 0.01
0.3 0.02
0.3 0.03
0.3 0.04
0.3 0.05
0.3 0.06
0.3 0.07
0.3 0.08
0.3 0.09
0.3 0.1
0.3 0.11
0.3 0.12
0.3 0.13
0.3 0.14
0.3 0.15
0.3 0.16
0.3 0.17
0.3 0.46
0.3 0.47
0.3 0.48
0.3 0.49
0.3 0.5
0.3 0.51
0.3 0.52
0.3 0.53
0.3 0.54
0.3 0.55
0.3 0.56
0.3 0.57
0.3 0.58
0.3 0.59
0.31 0.01
0.31 0.02
0.31 0.03
0.31 0.04
0.31 0.05
0.31 0.06
0.31 0.07
0.31 0.08
0.31 0.09
0.31 0.1
0.31 0.11
0.31 0.12
0.31 0.13
0.31 0.14
0.31 0.15
0.31 0.16
0.31 0.17
0.31 0.47
0.31 0.48
0.31 0.49
0.31 0.5
0.31 0.51
0.31 0.52
0.31 0.53
0.31 0.54
0.31 0.55
0.31 0.56
0.31 0.57
0.31 0.58
0.31 0.59
0.32 0.01
0.32 0.02
0.32 0.03
0.32 0.04
0.32 0.05
0.32 0.06
0.32 0.07
0.32 0.08
0.32 0.09
0.32 0.1
0.32 0.11
0.32 0.12
0.32 0.13
0.32 0.14
0.32 0.15
0.32 0.16
0.32 0.17
0.32 0.47
0.32 0.48
0.32 0.49
0.32 0.5
0.32 0.51
0.32 0.52
0.32 0.53
0.32 0.54
0.32 0.55
0.32 0.56
0.32 0.57
0.32 0.58
0.32 0.59
0.33 0.01
0.33 0.02
0.33 0.03
0.33 0.04
0.33 0.05
0.33 0.06
0.33 0.07
0.33 0.08
0.33 0.09
0.33 0.1
0.33 0.11
0.33 0.12
0.33 0.13
0.33 0.14
0.33 0.15
0.33 0.16
0.33 0.17
0.33 0.47
0.33 0.48
0.33 0.49
0.33 0.5
0.33 0.51
0.33 0.52
0.33 0.53
0.33 0.54
0.33 0.55
0.33 0.56
0.33 0.57
0.33 0.58
0.33 0.59
0.34 0.01
0.34 0.02
0.34 0.03
0.34 0.04
0.34 0.05
0.34 0.06
0.34 0.07
0.34 0.08
0.34 0.09
0.34 0.1
0.34 0.11
0.34 0.12
0.34 0.13
0.34 0.14
0.34 0.15
0.34 0.16
0.34 0.17
0.34 0.47
0.34 0.48
0.34 0.49
0.34 0.5
0.34 0.51
0.34 0.52
0.34 0.53
0.34 0.54
0.34 0.55
0.34 0.56
0.34 0.57
0.34 0.58
0.34 0.59
0.35 0.01
0.35 0.02
0.35 0.03
0.35 0.04
0.35 0.05
0.35 0.06
0.35 0.07
0.35 0.08
0.35 0.09
0.35 0.1
0.35 0.11
0.35 0.12
0.35 0.13
0.35 0.14
0.35 0.15
0.35 0.16
0.35 0.17
0.35 0.48
0.35 0.49
0.35 0.5
0.35 0.51
0.35 0.52
0.35 0.53
0.35 0.54
0.35 0.55
0.35 0.56
0.35 0.57
0.35 0.58
0.35 0.59
0.36 0.01
0.36 0.02
0.36 0.03
0.36 0.04
0.36 0.05
0.36 0.06
0.36 0.07
0.36 0.08
0.36 0.09
0.36 0.1
0.36 0.11
0.36 0.12
0.36 0.13
0.36 0.14
0.36 0.15
0.36 0.16
0.36 0.17
0.36 0.48
0.36 0.49
0.36 0.5
0.36 0.51
0.36 0.52
0.36 0.53
0.36 0.54
0.36 0.55
0.36 0.56
0.36 0.57
0.36 0.58
0.36 0.59
0.37 0.01
0.37 0.02
0.37 0.03
0.37 0.04
0.37 0.05
0.37 0.06
0.37 0.07
0.37 0.08
0.37 0.09
0.37 0.1
0.37 0.11
0.37 0.12
0.37 0.13
0.37 0.14
0.37 0.15
0.37 0.16
0.37 0.17
0.37 0.18
0.37 0.48
0.37 0.49
0.37 0.5
0.37 0.51
0.37 0.52
0.37 0.53
0.37 0.54
0.37 0.55
0.37 0.56
0.37 0.57
0.37 0.58
0.37 0.59
0.38 0.01
0.38 0.02
0.38 0.03
0.38 0.04
0.38 0.05
0.38 0.06
0.38 0.07
0.38 0.08
0.38 0.09
0.38 0.1
0.38 0.11
0.38 0.12
0.38 0.13
0.38 0.14
0.38 0.15
0.38 0.16
0.38 0.17
0.38 0.18
0.38 0.48
0.38 0.49
0.38 0.5
0.38 0.51
0.38 0.52
0.38 0.53
0.38 0.54
0.38 0.55
0.38 0.56
0.38 0.57
0.38 0.58
0.38 0.59
0.39 0.01
0.39 0.02
0.39 0.03
0.39 0.04
0.39 0.05
0.39 0.06
0.39 0.07
0.39 0.08
0.39 0.09
0.39 0.1
0.39 0.11
0.39 0.12
0.39 0.13
0.39 0.14
0.39 0.15
0.39 0.16
0.39 0.17
0.39 0.18
0.39 0.49
0.39 0.5
0.39 0.51
0.39 0.52
0.39 0.53
0.39 0.54
0.39 0.55
0.39 0.56
0.39 0.57
0.39 0.58
0.39 0.59
0.4 0.01
0.4 0.02
0.4 0.03
0.4 0.04
0.4 0.05
0.4 0.06
0.4 0.07
0.4 0.08
0.4 0.09
0.4 0.1
0.4 0.11
0.4 0.12
0.4 0.13
0.4 0.14
0.4 0.15
0.4 0.16
0.4 0.17
0.4 0.18
0.4 0.49
0.4 0.5
0.4 0.51
0.4 0.52
0.4 0.53
0.4 0.54
0.4 0.55
0.4 0.56
0.4 0.57
0.4 0.58
0.4 0.59
0.41 0.01
0.41 0.02
0.41 0.03
0.41 0.04
0.41 0.05
0.41 0.06
0.41 0.07
0.41 0.08
0.41 0.09
0.41 0.1
0.41 0.11
0.41 0.12
0.41 0.13
0.41 0.14
0.41 0.15
0.41 0.16
0.41 0.17
0.41 0.18
0.41 0.49
0.41 0.5
0.41 0.51
0.41 0.52
0.41 0.53
0.41 0.54
0.41 0.55
0.41 0.56
0.41 0.57
0.41 0.58
0.41 0.59
0.42 0.01
0.42 0.02
0.42 0.03
0.42 0.04
0.42 0.05
0.42 0.06
0.42 0.07
0.42 0.08
0.42 0.09
0.42 0.1
0.42 0.11
0.42 0.12
0.42 0.13
0.42 0.14
0.42 0.15
0.42 0.16
0.42 0.17
0.42 0.18
0.42 0.49
0.42 0.5
0.42 0.51
0.42 0.52
0.42 0.53
0.42 0.54
0.42 0.55
0.42 0.56
0.42 0.57
0.42 0.58
0.42 0.59
0.43 0.01
0.43 0.02
0.43 0.03
0.43 0.04
0.43 0.05
0.43 0.06
0.43 0.07
0.43 0.08
0.43 0.09
0.43 0.1
0.43 0.11
0.43 0.12
0.43 0.13
0.43 0.14
0.43 0.15
0.43 0.16
0.43 0.17
0.43 0.18
0.43 0.5
0.43 0.51
0.43 0.52
0.43 0.53
0.43 0.54
0.43 0.55
0.43 0.56
0.43 0.57
0.43 0.58
0.43 0.59
0.44 0.01
0.44 0.02
0.44 0.03
0.44 0.04
0.44 0.05
0.44 0.06
0.44 0.07
0.44 0.08
0.44 0.09
0.44 0.1
0.44 0.11
0.44 0.12
0.44 0.13
0.44 0.14
0.44 0.15
0.44 0.16
0.44 0.17
0.44 0.18
0.44 0.5
0.44 0.51
0.44 0.52
0.44 0.53
0.44 0.54
0.44 0.55
0.44 0.56
0.44 0.57
0.44 0.58
0.44 0.59
0.45 0.01
0.45 0.02
0.45 0.03
0.45 0.04
0.45 0.05
0.45 0.06
0.45 0.07
0.45 0.08
0.45 0.09
0.45 0.1
0.45 0.11
0.45 0.12
0.45 0.13
0.45 0.14
0.45 0.15
0.45 0.16
0.45 0.17
0.45 0.18
0.45 0.5
0.45 0.51
0.45 0.52
0.45 0.53
0.45 0.54
0.45 0.55
0.45 0.56
0.45 0.57
0.45 0.58
0.45 0.59
0.46 0.01
0.46 0.02
0.46 0.03
0.46 0.04
0.46 0.05
0.46 0.06
0.46 0.07
0.46 0.08
0.46 0.09
0.46 0.1
0.46 0.11
0.46 0.12
0.46 0.13
0.46 0.14
0.46 0.15
0.46 0.16
0.46 0.17
0.46 0.18
0.46 0.5
0.46 0.51
0.46 0.52
0.46 0.53
0.46 0.54
0.46 0.55
0.46 0.56
0.46 0.57
0.46 0.58
0.46 0.59
0.47 0.01
0.47 0.02
0.47 0.03
0.47 0.04
0.47 0.05
0.47 0.06
0.47 0.07
0.47 0.08
0.47 0.09
0.47 0.1
0.47 0.11
0.47 0.12
0.47 0.13
0.47 0.14
0.47 0.15
0.47 0.16
0.47 0.17
0.47 0.18
0.47 0.51
0.47 0.52
0.47 0.53
0.47 0.54
0.47 0.55
0.47 0.56
0.47 0.57
0.47 0.58
0.47 0.59
0.48 0.01
0.48 0.02
0.48 0.03
0.48 0.04
0.48 0.05
0.48 0.06
0.48 0.07
0.48 0.08
0.48 0.09
0.48 0.1
0.48 0.11
0.48 0.12
0.48 0.13
0.48 0.14
0.48 0.15
0.48 0.16
0.48 0.17
0.48 0.18
0.48 0.19
0.48 0.51
0.48 0.52
0.48 0.53
0.48 0.54
0.48 0.55
0.48 0.56
0.48 0.57
0.48 0.58
0.48 0.59
0.49 0.01
0.49 0.02
0.49 0.03
0.49 0.04
0.49 0.05
0.49 0.06
0.49 0.07
0.49 0.08
0.49 0.09
0.49 0.1
0.49 0.11
0.49 0.12
0.49 0.13
0.49 0.14
0.49 0.15
0.49 0.16
0.49 0.17
0.49 0.18
0.49 0.19
0.49 0.51
0.49 0.52
0.49 0.53
0.49 0.54
0.49 0.55
0.49 0.56
0.49 0.57
0.49 0.58
0.49 0.59
0.5 0.01
0.5 0.02
0.5 0.03
0.5 0.04
0.5 0.05
0.5 0.06
0.5 0.07
0.5 0.08
0.5 0.09
0.5 0.1
0.5 0.11
0.5 0.12
0.5 0.13
0.5 0.14
0.5 0.15
0.5 0.16
0.5 0.17
0.5 0.18
0.5 0.19
0.5 0.51
0.5 0.52
0.5 0.53
0.5 0.54
0.5 0.55
0.5 0.56
0.5 0.57
0.5 0.58
0.5 0.59
0.51 0.01
0.51 0.02
0.51 0.03
0.51 0.04
0.51 0.05
0.51 0.06
0.51 0.07
0.51 0.08
0.51 0.09
0.51 0.1
0.51 0.11
0.51 0.12
0.51 0.13
0.51 0.14
0.51 0.15
0.51 0.16
0.51 0.17
0.51 0.18
0.51 0.19
0.51 0.51
0.51 0.52
0.51 0.53
0.51 0.54
0.51 0.55
0.51 0.56
0.51 0.57
0.51 0.58
0.51 0.59
0.52 0.01
0.52 0.02
0.52 0.03
0.52 0.04
0.52 0.05
0.52 0.06
0.52 0.07
0.52 0.08
0.52 0.09
0.52 0.1
0.52 0.11
0.52 0.12
0.52 0.13
0.52 0.14
0.52 0.15
0.52 0.16
0.52 0.17
0.52 0.18
0.52 0.19
0.52 0.52
0.52 0.53
0.52 0.54
0.52 0.55
0.52 0.56
0.52 0.57
0.52 0.58
0.52 0.59
0.53 0.01
0.53 0.02
0.53 0.03
0.53 0.04
0.53 0.05
0.53 0.06
0.53 0.07
0.53 0.08
0.53 0.09
0.53 0.1
0.53 0.11
0.53 0.12
0.53 0.13
0.53 0.14
0.53 0.15
0.53 0.16
0.53 0.17
0.53 0.18
0.53 0.19
0.53 0.52
0.53 0.53
0.53 0.54
0.53 0.55
0.53 0.56
0.53 0.57
0.53 0.58
0.53 0.59
0.54 0.01
0.54 0.02
0.54 0.03
0.54 0.04
0.54 0.05
0.54 0.06
0.54 0.07
0.54 0.08
0.54 0.09
0.54 0.1
0.54 0.11
0.54 0.12
0.54 0.13
0.54 0.14
0.54 0.15
0.54 0.16
0.54 0.17
0.54 0.18
0.54 0.19
0.54 0.52
0.54 0.53
0.54 0.54
0.54 0.55
0.54 0.56
0.54 0.57
0.54 0.58
0.54 0.59
0.55 0.01
0.55 0.02
0.55 0.03
0.55 0.04
0.55 0.05
0.55 0.06
0.55 0.07
0.55 0.08
0.55 0.09
0.55 0.1
0.55 0.11
0.55 0.12
0.55 0.13
0.55 0.14
0.55 0.15
0.55 0.16
0.55 0.17
0.55 0.18
0.55 0.19
0.55 0.52
0.55 0.53
0.55 0.54
0.55 0.55
0.55 0.56
0.55 0.57
0.55 0.58
0.55 0.59
0.56 0.01
0.56 0.02
0.56 0.03
0.56 0.04
0.56 0.05
0.56 0.06
0.56 0.07
0.56 0.08
0.56 0.09
0.56 0.1
0.56 0.11
0.56 0.12
0.56 0.13
0.56 0.14
0.56 0.15
0.56 0.16
0.56 0.17
0.56 0.18
0.56 0.19
0.56 0.52
0.56 0.53
0.56 0.54
0.56 0.55
0.56 0.56
0.56 0.57
0.56 0.58
0.56 0.59
0.57 0.01
0.57 0.02
0.57 0.03
0.57 0.04
0.57 0.05
0.57 0.06
0.57 0.07
0.57 0.08
0.57 0.09
0.57 0.1
0.57 0.11
0.57 0.12
0.57 0.13
0.57 0.14
0.57 0.15
0.57 0.16
0.57 0.17
0.57 0.18
0.57 0.19
0.57 0.53
0.57 0.54
0.57 0.55
0.57 0.56
0.57 0.57
0.57 0.58
0.57 0.59
0.58 0.01
0.58 0.02
0.58 0.03
0.58 0.04
0.58 0.05
0.58 0.06
0.58 0.07
0.58 0.08
0.58 0.09
0.58 0.1
0.58 0.11
0.58 0.12
0.58 0.13
0.58 0.14
0.58 0.15
0.58 0.16
0.58 0.17
0.58 0.18
0.58 0.19
0.58 0.53
0.58 0.54
0.58 0.55
0.58 0.56
0.58 0.57
0.58 0.58
0.58 0.59
0.59 0.01
0.59 0.02
0.59 0.03
0.59 0.04
0.59 0.05
0.59 0.06
0.59 0.07
0.59 0.08
0.59 0.09
0.59 0.1
0.59 0.11
0.59 0.12
0.59 0.13
0.59 0.14
0.59 0.15
0.59 0.16
0.59 0.17
0.59 0.18
0.59 0.19
0.59 0.53
0.59 0.54
0.59 0.55
0.59 0.56
0.59 0.57
0.59 0.58
0.59 0.59
0.6 0.01
0.6 0.02
0.6 0.03
0.6 0.04
0.6 0.05
0.6 0.06
0.6 0.07
0.6 0.08
0.6 0.09
0.6 0.1
0.6 0.11
0.6 0.12
0.6 0.13
0.6 0.14
0.6 0.15
0.6 0.16
0.6 0.17
0.6 0.18
0.6 0.19
0.6 0.53
0.6 0.54
0.6 0.55
0.6 0.56
0.6 0.57
0.6 0.58
0.6 0.59
0.61 0.01
0.61 0.02
0.61 0.03
0.61 0.04
0.61 0.05
0.61 0.06
0.61 0.07
0.61 0.08
0.61 0.09
0.61 0.1
0.61 0.11
0.61 0.12
0.61 0.13
0.61 0.14
0.61 0.15
0.61 0.16
0.61 0.17
0.61 0.18
0.61 0.19
0.61 0.53
0.61 0.54
0.61 0.55
0.61 0.56
0.61 0.57
0.61 0.58
0.61 0.59
0.62 0.01
0.62 0.02
0.62 0.03
0.62 0.04
0.62 0.05
0.62 0.06
0.62 0.07
0.62 0.08
0.62 0.09
0.62 0.1
0.62 0.11
0.62 0.12
0.62 0.13
0.62 0.14
0.62 0.15
0.62 0.16
0.62 0.17
0.62 0.18
0.62 0.19
0.62 0.2
0.62 0.53
0.62 0.54
0.62 0.55
0.62 0.56
0.62 0.57
0.62 0.58
0.62 0.59
0.63 0.01
0.63 0.02
0.63 0.03
0.63 0.04
0.63 0.05
0.63 0.06
0.63 0.07
0.63 0.08
0.63 0.09
0.63 0.1
0.63 0.11
0.63 0.12
0.63 0.13
0.63 0.14
0.63 0.15
0.63 0.16
0.63 0.17
0.63 0.18
0.63 0.19
0.63 0.2
0.63 0.54
0.63 0.55
0.63 0.56
0.63 0.57
0.63 0.58
0.63 0.59
0.64 0.01
0.64 0.02
0.64 0.03
0.64 0.04
0.64 0.05
0.64 0.06
0.64 0.07
0.64 0.08
0.64 0.09
0.64 0.1
0.64 0.11
0.64 0.12
0.64 0.13
0.64 0.14
0.64 0.15
0.64 0.16
0.64 0.17
0.64 0.18
0.64 0.19
0.64 0.2
0.64 0.54
0.64 0.55
0.64 0.56
0.64 0.57
0.64 0.58
0.64 0.59
0.65 0.01
0.65 0.02
0.65 0.03
0.65 0.04
0.65 0.05
0.65 0.06
0.65 0.07
0.65 0.08
0.65 0.09
0.65 0.1
0.65 0.11
0.65 0.12
0.65 0.13
0.65 0.14
0.65 0.15
0.65 0.16
0.65 0.17
0.65 0.18
0.65 0.19
0.65 0.2
0.65 0.54
0.65 0.55
0.65 0.56
0.65 0.57
0.65 0.58
0.65 0.59
0.66 0.01
0.66 0.02
0.66 0.03
0.66 0.04
0.66 0.05
0.66 0.06
0.66 0.07
0.66 0.08
0.66 0.09
0.66 0.1
0.66 0.11
0.66 0.12
0.66 0.13
0.66 0.14
0.66 0.15
0.66 0.16
0.66 0.17
0.66 0.18
0.66 0.19
0.66 0.2
0.66 0.54
0.66 0.55
0.66 0.56
0.66 0.57
0.66 0.58
0.66 0.59
0.67 0.01
0.67 0.02
0.67 0.03
0.67 0.04
0.67 0.05
0.67 0.06
0.67 0.07
0.67 0.08
0.67 0.09
0.67 0.1
0.67 0.11
0.67 0.12
0.67 0.13
0.67 0.14
0.67 0.15
0.67 0.16
0.67 0.17
0.67 0.18
0.67 0.19
0.67 0.2
0.67 0.54
0.67 0.55
0.67 0.56
0.67 0.57
0.67 0.58
0.67 0.59
0.68 0.01
0.68 0.02
0.68 0.03
0.68 0.04
0.68 0.05
0.68 0.06
0.68 0.07
0.68 0.08
0.68 0.09
0.68 0.1
0.68 0.11
0.68 0.12
0.68 0.13
0.68 0.14
0.68 0.15
0.68 0.16
0.68 0.17
0.68 0.18
0.68 0.19
0.68 0.2
0.68 0.54
0.68 0.55
0.68 0.56
0.68 0.57
0.68 0.58
0.68 0.59
0.69 0.01
0.69 0.02
0.69 0.03
0.69 0.04
0.69 0.05
0.69 0.06
0.69 0.07
0.69 0.08
0.69 0.09
0.69 0.1
0.69 0.11
0.69 0.12
0.69 0.13
0.69 0.14
0.69 0.15
0.69 0.16
0.69 0.17
0.69 0.18
0.69 0.19
0.69 0.2
0.69 0.55
0.69 0.56
0.69 0.57
0.69 0.58
0.69 0.59
0.7 0.01
0.7 0.02
0.7 0.03
0.7 0.04
0.7 0.05
0.7 0.06
0.7 0.07
0.7 0.08
0.7 0.09
0.7 0.1
0.7 0.11
0.7 0.12
0.7 0.13
0.7 0.14
0.7 0.15
0.7 0.16
0.7 0.17
0.7 0.18
0.7 0.19
0.7 0.2
0.7 0.55
0.7 0.56
0.7 0.57
0.7 0.58
0.7 0.59
0.71 0.01
0.71 0.02
0.71 0.03
0.71 0.04
0.71 0.05
0.71 0.06
0.71 0.07
0.71 0.08
0.71 0.09
0.71 0.1
0.71 0.11
0.71 0.12
0.71 0.13
0.71 0.14
0.71 0.15
0.71 0.16
0.71 0.17
0.71 0.18
0.71 0.19
0.71 0.2
0.71 0.55
0.71 0.56
0.71 0.57
0.71 0.58
0.71 0.59
0.72 0.01
0.72 0.02
0.72 0.03
0.72 0.04
0.72 0.05
0.72 0.06
0.72 0.07
0.72 0.08
0.72 0.09
0.72 0.1
0.72 0.11
0.72 0.12
0.72 0.13
0.72 0.14
0.72 0.15
0.72 0.16
0.72 0.17
0.72 0.18
0.72 0.19
0.72 0.2
0.72 0.55
0.72 0.56
0.72 0.57
0.72 0.58
0.72 0.59
0.73 0.01
0.73 0.02
0.73 0.03
0.73 0.04
0.73 0.05
0.73 0.06
0.73 0.07
0.73 0.08
0.73 0.09
0.73 0.1
0.73 0.11
0.73 0.12
0.73 0.13
0.73 0.14
0.73 0.15
0.73 0.16
0.73 0.17
0.73 0.18
0.73 0.19
0.73 0.2
0.73 0.55
0.73 0.56
0.73 0.57
0.73 0.58
0.73 0.59
0.74 0.01
0.74 0.02
0.74 0.03
0.74 0.04
0.74 0.05
0.74 0.06
0.74 0.07
0.74 0.08
0.74 0.09
0.74 0.1
0.74 0.11
0.74 0.12
0.74 0.13
0.74 0.14
0.74 0.15
0.74 0.16
0.74 0.17
0.74 0.18
0.74 0.19
0.74 0.2
0.74 0.55
0.74 0.56
0.74 0.57
0.74 0.58
0.74 0.59
0.75 0.01
0.75 0.02
0.75 0.03
0.75 0.04
0.75 0.05
0.75 0.06
0.75 0.07
0.75 0.08
0.75 0.09
0.75 0.1
0.75 0.11
0.75 0.12
0.75 0.13
0.75 0.14
0.75 0.15
0.75 0.16
0.75 0.17
0.75 0.18
0.75 0.19
0.75 0.2
0.75 0.55
0.75 0.56
0.75 0.57
0.75 0.58
0.75 0.59
0.76 0.01
0.76 0.02
0.76 0.03
0.76 0.04
0.76 0.05
0.76 0.06
0.76 0.07
0.76 0.08
0.76 0.09
0.76 0.1
0.76 0.11
0.76 0.12
0.76 0.13
0.76 0.14
0.76 0.15
0.76 0.16
0.76 0.17
0.76 0.18
0.76 0.19
0.76 0.2
0.76 0.56
0.76 0.57
0.76 0.58
0.76 0.59
0.77 0.01
0.77 0.02
0.77 0.03
0.77 0.04
0.77 0.05
0.77 0.06
0.77 0.07
0.77 0.08
0.77 0.09
0.77 0.1
0.77 0.11
0.77 0.12
0.77 0.13
0.77 0.14
0.77 0.15
0.77 0.16
0.77 0.17
0.77 0.18
0.77 0.19
0.77 0.2
0.77 0.56
0.77 0.57
0.77 0.58
0.77 0.59
0.78 0.01
0.78 0.02
0.78 0.03
0.78 0.04
0.78 0.05
0.78 0.06
0.78 0.07
0.78 0.08
0.78 0.09
0.78 0.1
0.78 0.11
0.78 0.12
0.78 0.13
0.78 0.14
0.78 0.15
0.78 0.16
0.78 0.17
0.78 0.18
0.78 0.19
0.78 0.2
0.78 0.56
0.78 0.57
0.78 0.58
0.78 0.59
0.79 0.01
0.79 0.02
0.79 0.03
0.79 0.04
0.79 0.05
0.79 0.06
0.79 0.07
0.79 0.08
0.79 0.09
0.79 0.1
0.79 0.11
0.79 0.12
0.79 0.13
0.79 0.14
0.79 0.15
0.79 0.16
0.79 0.17
0.79 0.18
0.79 0.19
0.79 0.2
0.79 0.21
0.79 0.56
0.79 0.57
0.79 0.58
0.79 0.59
0.8 0.01
0.8 0.02
0.8 0.03
0.8 0.04
0.8 0.05
0.8 0.06
0.8 0.07
0.8 0.08
0.8 0.09
0.8 0.1
0.8 0.11
0.8 0.12
0.8 0.13
0.8 0.14
0.8 0.15
0.8 0.16
0.8 0.17
0.8 0.18
0.8 0.19
0.8 0.2
0.8 0.21
0.8 0.56
0.8 0.57
0.8 0.58
0.8 0.59
0.81 0.01
0.81 0.02
0.81 0.03
0.81 0.04
0.81 0.05
0.81 0.06
0.81 0.07
0.81 0.08
0.81 0.09
0.81 0.1
0.81 0.11
0.81 0.12
0.81 0.13
0.81 0.14
0.81 0.15
0.81 0.16
0.81 0.17
0.81 0.18
0.81 0.19
0.81 0.2
0.81 0.21
0.81 0.56
0.81 0.57
0.81 0.58
0.81 0.59
0.82 0.01
0.82 0.02
0.82 0.03
0.82 0.04
0.82 0.05
0.82 0.06
0.82 0.07
0.82 0.08
0.82 0.09
0.82 0.1
0.82 0.11
0.82 0.12
0.82 0.13
0.82 0.14
0.82 0.15
0.82 0.16
0.82 0.17
0.82 0.18
0.82 0.19
0.82 0.2
0.82 0.21
0.82 0.56
0.82 0.57
0.82 0.58
0.82 0.59
0.83 0.01
0.83 0.02
0.83 0.03
0.83 0.04
0.83 0.05
0.83 0.06
0.83 0.07
0.83 0.08
0.83 0.09
0.83 0.1
0.83 0.11
0.83 0.12
0.83 0.13
0.83 0.14
0.83 0.15
0.83 0.16
0.83 0.17
0.83 0.18
0.83 0.19
0.83 0.2
0.83 0.21
0.83 0.57
0.83 0.58
0.83 0.59
0.84 0.01
0.84 0.02
0.84 0.03
0.84 0.04
0.84 0.05
0.84 0.06
0.84 0.07
0.84 0.08
0.84 0.09
0.84 0.1
0.84 0.11
0.84 0.12
0.84 0.13
0.84 0.14
0.84 0.15
0.84 0.16
0.84 0.17
0.84 0.18
0.84 0.19
0.84 0.2
0.84 0.21
0.84 0.57
0.84 0.58
0.84 0.59
0.85 0.01
0.85 0.02
0.85 0.03
0.85 0.04
0.85 0.05
0.85 0.06
0.85 0.07
0.85 0.08
0.85 0.09
0.85 0.1
0.85 0.11
0.85 0.12
0.85 0.13
0.85 0.14
0.85 0.15
0.85 0.16
0.85 0.17
0.85 0.18
0.85 0.19
0.85 0.2
0.85 0.21
0.85 0.57
0.85 0.58
0.85 0.59
0.86 0.01
0.86 0.02
0.86 0.03
0.86 0.04
0.86 0.05
0.86 0.06
0.86 0.07
0.86 0.08
0.86 0.09
0.86 0.1
0.86 0.11
0.86 0.12
0.86 0.13
0.86 0.14
0.86 0.15
0.86 0.16
0.86 0.17
0.86 0.18
0.86 0.19
0.86 0.2
0.86 0.21
0.86 0.57
0.86 0.58
0.86 0.59
0.87 0.01
0.87 0.02
0.87 0.03
0.87 0.04
0.87 0.05
0.87 0.06
0.87 0.07
0.87 0.08
0.87 0.09
0.87 0.1
0.87 0.11
0.87 0.12
0.87 0.13
0.87 0.14
0.87 0.15
0.87 0.16
0.87 0.17
0.87 0.18
0.87 0.19
0.87 0.2
0.87 0.21
0.87 0.57
0.87 0.58
0.87 0.59
0.88 0.01
0.88 0.02
0.88 0.03
0.88 0.04
0.88 0.05
0.88 0.06
0.88 0.07
0.88 0.08
0.88 0.09
0.88 0.1
0.88 0.11
0.88 0.12
0.88 0.13
0.88 0.14
0.88 0.15
0.88 0.16
0.88 0.17
0.88 0.18
0.88 0.19
0.88 0.2
0.88 0.21
0.88 0.57
0.88 0.58
0.88 0.59
0.89 0.01
0.89 0.02
0.89 0.03
0.89 0.04
0.89 0.05
0.89 0.06
0.89 0.07
0.89 0.08
0.89 0.09
0.89 0.1
0.89 0.11
0.89 0.12
0.89 0.13
0.89 0.14
0.89 0.15
0.89 0.16
0.89 0.17
0.89 0.18
0.89 0.19
0.89 0.2
0.89 0.21
0.89 0.57
0.89 0.58
0.89 0.59
0.9 0.01
0.9 0.02
0.9 0.03
0.9 0.04
0.9 0.05
0.9 0.06
0.9 0.07
0.9 0.08
0.9 0.09
0.9 0.1
0.9 0.11
0.9 0.12
0.9 0.13
0.9 0.14
0.9 0.15
0.9 0.16
0.9 0.17
0.9 0.18
0.9 0.19
0.9 0.2
0.9 0.21
0.9 0.58
0.9 0.59
0.91 0.01
0.91 0.02
0.91 0.03
0.91 0.04
0.91 0.05
0.91 0.06
0.91 0.07
0.91 0.08
0.91 0.09
0.91 0.1
0.91 0.11
0.91 0.12
0.91 0.13
0.91 0.14
0.91 0.15
0.91 0.16
0.91 0.17
0.91 0.18
0.91 0.19
0.91 0.2
0.91 0.21
0.91 0.58
0.91 0.59
0.92 0.01
0.92 0.02
0.92 0.03
0.92 0.04
0.92 0.05
0.92 0.06
0.92 0.07
0.92 0.08
0.92 0.09
0.92 0.1
0.92 0.11
0.92 0.12
0.92 0.13
0.92 0.14
0.92 0.15
0.92 0.16
0.92 0.17
0.92 0.18
0.92 0.19
0.92 0.2
0.92 0.21
0.92 0.58
0.92 0.59
0.93 0.01
0.93 0.02
0.93 0.03
0.93 0.04
0.93 0.05
0.93 0.06
0.93 0.07
0.93 0.08
0.93 0.09
0.93 0.1
0.93 0.11
0.93 0.12
0.93 0.13
0.93 0.14
0.93 0.15
0.93 0.16
0.93 0.17
0.93 0.18
0.93 0.19
0.93 0.2
0.93 0.21
0.93 0.58
0.93 0.59
0.94 0.01
0.94 0.02
0.94 0.03
0.94 0.04
0.94 0.05
0.94 0.06
0.94 0.07
0.94 0.08
0.94 0.09
0.94 0.1
0.94 0.11
0.94 0.12
0.94 0.13
0.94 0.14
0.94 0.15
0.94 0.16
0.94 0.17
0.94 0.18
0.94 0.19
0.94 0.2
0.94 0.21
0.94 0.58
0.94 0.59
0.95 0.01
0.95 0.02
0.95 0.03
0.95 0.04
0.95 0.05
0.95 0.06
0.95 0.07
0.95 0.08
0.95 0.09
0.95 0.1
0.95 0.11
0.95 0.12
0.95 0.13
0.95 0.14
0.95 0.15
0.95 0.16
0.95 0.17
0.95 0.18
0.95 0.19
0.95 0.2
0.95 0.21
0.95 0.58
0.95 0.59
0.96 0.01
0.96 0.02
0.96 0.03
0.96 0.04
0.96 0.05
0.96 0.06
0.96 0.07
0.96 0.08
0.96 0.09
0.96 0.1
0.96 0.11
0.96 0.12
0.96 0.13
0.96 0.14
0.96 0.15
0.96 0.16
0.96 0.17
0.96 0.18
0.96 0.19
0.96 0.2
0.96 0.21
0.96 0.58
0.96 0.59
0.97 0.01
0.97 0.02
0.97 0.03
0.97 0.04
0.97 0.05
0.97 0.06
0.97 0.07
0.97 0.08
0.97 0.09
0.97 0.1
0.97 0.11
0.97 0.12
0.97 0.13
0.97 0.14
0.97 0.15
0.97 0.16
0.97 0.17
0.97 0.18
0.97 0.19
0.97 0.2
0.97 0.21
0.97 0.58
0.97 0.59
0.98 0.01
0.98 0.02
0.98 0.03
0.98 0.04
0.98 0.05
0.98 0.06
0.98 0.07
0.98 0.08
0.98 0.09
0.98 0.1
0.98 0.11
0.98 0.12
0.98 0.13
0.98 0.14
0.98 0.15
0.98 0.16
0.98 0.17
0.98 0.18
0.98 0.19
0.98 0.2
0.98 0.21
0.98 0.59
0.99 0.01
0.99 0.02
0.99 0.03
0.99 0.04
0.99 0.05
0.99 0.06
0.99 0.07
0.99 0.08
0.99 0.09
0.99 0.1
0.99 0.11
0.99 0.12
0.99 0.13
0.99 0.14
0.99 0.15
0.99 0.16
0.99 0.17
0.99 0.18
0.99 0.19
0.99 0.2
0.99 0.21
0.99 0.59
1.0 0.01
1.0 0.02
1.0 0.03
1.0 0.04
1.0 0.05
1.0 0.06
1.0 0.07
1.0 0.08
1.0 0.09
1.0 0.1
1.0 0.11
1.0 0.12
1.0 0.13
1.0 0.14
1.0 0.15
1.0 0.16
1.0 0.17
1.0 0.18
1.0 0.19
1.0 0.2
1.0 0.21
1.0 0.22
1.0 0.59
1.01 0.01
1.01 0.02
1.01 0.03
1.01 0.04
1.01 0.05
1.01 0.06
1.01 0.07
1.01 0.08
1.01 0.09
1.01 0.1
1.01 0.11
1.01 0.12
1.01 0.13
1.01 0.14
1.01 0.15
1.01 0.16
1.01 0.17
1.01 0.18
1.01 0.19
1.01 0.2
1.01 0.21
1.01 0.22
1.01 0.59
1.02 0.01
1.02 0.02
1.02 0.03
1.02 0.04
1.02 0.05
1.02 0.06
1.02 0.07
1.02 0.08
1.02 0.09
1.02 0.1
1.02 0.11
1.02 0.12
1.02 0.13
1.02 0.14
1.02 0.15
1.02 0.16
1.02 0.17
1.02 0.18
1.02 0.19
1.02 0.2
1.02 0.21
1.02 0.22
1.02 0.59
1.03 0.01
1.03 0.02
1.03 0.03
1.03 0.04
1.03 0.05
1.03 0.06
1.03 0.07
1.03 0.08
1.03 0.09
1.03 0.1
1.03 0.11
1.03 0.12
1.03 0.13
1.03 0.14
1.03 0.15
1.03 0.16
1.03 0.17
1.03 0.18
1.03 0.19
1.03 0.2
1.03 0.21
1.03 0.22
1.03 0.59
1.04 0.01
1.04 0.02
1.04 0.03
1.04 0.04
1.04 0.05
1.04 0.06
1.04 0.07
1.04 0.08
1.04 0.09
1.04 0.1
1.04 0.11
1.04 0.12
1.04 0.13
1.04 0.14
1.04 0.15
1.04 0.16
1.04 0.17
1.04 0.18
1.04 0.19
1.04 0.2
1.04 0.21
1.04 0.22
1.04 0.59
1.05 0.01
1.05 0.02
1.05 0.03
1.05 0.04
1.05 0.05
1.05 0.06
1.05 0.07
1.05 0.08
1.05 0.09
1.05 0.1
1.05 0.11
1.05 0.12
1.05 0.13
1.05 0.14
1.05 0.15
1.05 0.16
1.05 0.17
1.05 0.18
1.05 0.19
1.05 0.2
1.05 0.21
1.05 0.22
1.05 0.59
1.06 0.01
1.06 0.02
1.06 0.03
1.06 0.04
1.06 0.05
1.06 0.06
1.06 0.07
1.06 0.08
1.06 0.09
1.06 0.1
1.06 0.11
1.06 0.12
1.06 0.13
1.06 0.14
1.06 0.15
1.06 0.16
1.06 0.17
1.06 0.18
1.06 0.19
1.06 0.2
1.06 0.21
1.06 0.22
1.06 0.59
1.07 0.01
1.07 0.02
1.07 0.03
1.07 0.04
1.07 0.05
1.07 0.06
1.07 0.07
1.07 0.08
1.07 0.09
1.07 0.1
1.07 0.11
1.07 0.12
1.07 0.13
1.07 0.14
1.07 0.15
1.07 0.16
1.07 0.17
1.07 0.18
1.07 0.19
1.07 0.2
1.07 0.21
1.07 0.22
1.08 0.01
1.08 0.02
1.08 0.03
1.08 0.04
1.08 0.05
1.08 0.06
1.08 0.07
1.08 0.08
1.08 0.09
1.08 0.1
1.08 0.11
1.08 0.12
1.08 0.13
1.08 0.14
1.08 0.15
1.08 0.16
1.08 0.17
1.08 0.18
1.08 0.19
1.08 0.2
1.08 0.21
1.08 0.22
1.09 0.01
1.09 0.02
1.09 0.03
1.09 0.04
1.09 0.05
1.09 0.06
1.09 0.07
1.09 0.08
1.09 0.09
1.09 0.1
1.09 0.11
1.09 0.12
1.09 0.13
1.09 0.14
1.09 0.15
1.09 0.16
1.09 0.17
1.09 0.18
1.09 0.19
1.09 0.2
1.09 0.21
1.09 0.22
1.1 0.01
1.1 0.02
1.1 0.03
1.1 0.04
1.1 0.05
1.1 0.06
1.1 0.07
1.1 0.08
1.1 0.09
1.1 0.1
1.1 0.11
1.1 0.12
1.1 0.13
1.1 0.14
1.1 0.15
1.1 0.16
1.1 0.17
1.1 0.18
1.1 0.19
1.1 0.2
1.1 0.21
1.1 0.22
1.11 0.01
1.11 0.02
1.11 0.03
1.11 0.04
1.11 0.05
1.11 0.06
1.11 0.07
1.11 0.08
1.11 0.09
1.11 0.1
1.11 0.11
1.11 0.12
1.11 0.13
1.11 0.14
1.11 0.15
1.11 0.16
1.11 0.17
1.11 0.18
1.11 0.19
1.11 0.2
1.11 0.21
1.11 0.22
1.12 0.01
1.12 0.02
1.12 0.03
1.12 0.04
1.12 0.05
1.12 0.06
1.12 0.07
1.12 0.08
1.12 0.09
1.12 0.1
1.12 0.11
1.12 0.12
1.12 0.13
1.12 0.14
1.12 0.15
1.12 0.16
1.12 0.17
1.12 0.18
1.12 0.19
1.12 0.2
1.12 0.21
1.12 0.22
1.13 0.01
1.13 0.02
1.13 0.03
1.13 0.04
1.13 0.05
1.13 0.06
1.13 0.07
1.13 0.08
1.13 0.09
1.13 0.1
1.13 0.11
1.13 0.12
1.13 0.13
1.13 0.14
1.13 0.15
1.13 0.16
1.13 0.17
1.13 0.18
1.13 0.19
1.13 0.2
1.13 0.21
1.13 0.22
1.14 0.01
1.14 0.02
1.14 0.03
1.14 0.04
1.14 0.05
1.14 0.06
1.14 0.07
1.14 0.08
1.14 0.09
1.14 0.1
1.14 0.11
1.14 0.12
1.14 0.13
1.14 0.14
1.14 0.15
1.14 0.16
1.14 0.17
1.14 0.18
1.14 0.19
1.14 0.2
1.14 0.21
1.14 0.22
1.15 0.01
1.15 0.02
1.15 0.03
1.15 0.04
1.15 0.05
1.15 0.06
1.15 0.07
1.15 0.08
1.15 0.09
1.15 0.1
1.15 0.11
1.15 0.12
1.15 0.13
1.15 0.14
1.15 0.15
1.15 0.16
1.15 0.17
1.15 0.18
1.15 0.19
1.15 0.2
1.15 0.21
1.15 0.22
1.16 0.01
1.16 0.02
1.16 0.03
1.16 0.04
1.16 0.05
1.16 0.06
1.16 0.07
1.16 0.08
1.16 0.09
1.16 0.1
1.16 0.11
1.16 0.12
1.16 0.13
1.16 0.14
1.16 0.15
1.16 0.16
1.16 0.17
1.16 0.18
1.16 0.19
1.16 0.2
1.16 0.21
1.16 0.22
1.17 0.01
1.17 0.02
1.17 0.03
1.17 0.04
1.17 0.05
1.17 0.06
1.17 0.07
1.17 0.08
1.17 0.09
1.17 0.1
1.17 0.11
1.17 0.12
1.17 0.13
1.17 0.14
1.17 0.15
1.17 0.16
1.17 0.17
1.17 0.18
1.17 0.19
1.17 0.2
1.17 0.21
1.17 0.22
1.18 0.01
1.18 0.02
1.18 0.03
1.18 0.04
1.18 0.05
1.18 0.06
1.18 0.07
1.18 0.08
1.18 0.09
1.18 0.1
1.18 0.11
1.18 0.12
1.18 0.13
1.18 0.14
1.18 0.15
1.18 0.16
1.18 0.17
1.18 0.18
1.18 0.19
1.18 0.2
1.18 0.21
1.18 0.22
1.19 0.01
1.19 0.02
1.19 0.03
1.19 0.04
1.19 0.05
1.19 0.06
1.19 0.07
1.19 0.08
1.19 0.09
1.19 0.1
1.19 0.11
1.19 0.12
1.19 0.13
1.19 0.14
1.19 0.15
1.19 0.16
1.19 0.17
1.19 0.18
1.19 0.19
1.19 0.2
1.19 0.21
1.19 0.22
1.2 0.01
1.2 0.02
1.2 0.03
1.2 0.04
1.2 0.05
1.2 0.06
1.2 0.07
1.2 0.08
1.2 0.09
1.2 0.1
1.2 0.11
1.2 0.12
1.2 0.13
1.2 0.14
1.2 0.15
1.2 0.16
1.2 0.17
1.2 0.18
1.2 0.19
1.2 0.2
1.2 0.21
1.2 0.22
1.21 0.01
1.21 0.02
1.21 0.03
1.21 0.04
1.21 0.05
1.21 0.06
1.21 0.07
1.21 0.08
1.21 0.09
1.21 0.1
1.21 0.11
1.21 0.12
1.21 0.13
1.21 0.14
1.21 0.15
1.21 0.16
1.21 0.17
1.21 0.18
1.21 0.19
1.21 0.2
1.21 0.21
1.21 0.22
1.22 0.01
1.22 0.02
1.22 0.03
1.22 0.04
1.22 0.05
1.22 0.06
1.22 0.07
1.22 0.08
1.22 0.09
1.22 0.1
1.22 0.11
1.22 0.12
1.22 0.13
1.22 0.14
1.22 0.15
1.22 0.16
1.22 0.17
1.22 0.18
1.22 0.19
1.22 0.2
1.22 0.21
1.22 0.22
1.23 0.01
1.23 0.02
1.23 0.03
1.23 0.04
1.23 0.05
1.23 0.06
1.23 0.07
1.23 0.08
1.23 0.09
1.23 0.1
1.23 0.11
1.23 0.12
1.23 0.13
1.23 0.14
1.23 0.15
1.23 0.16
1.23 0.17
1.23 0.18
1.23 0.19
1.23 0.2
1.23 0.21
1.23 0.22
1.24 0.01
1.24 0.02
1.24 0.03
1.24 0.04
1.24 0.05
1.24 0.06
1.24 0.07
1.24 0.08
1.24 0.09
1.24 0.1
1.24 0.11
1.24 0.12
1.24 0.13
1.24 0.14
1.24 0.15
1.24 0.16
1.24 0.17
1.24 0.18
1.24 0.19
1.24 0.2
1.24 0.21
1.24 0.22
1.25 0.01
1.25 0.02
1.25 0.03
1.25 0.04
1.25 0.05
1.25 0.06
1.25 0.07
1.25 0.08
1.25 0.09
1.25 0.1
1.25 0.11
1.25 0.12
1.25 0.13
1.25 0.14
1.25 0.15
1.25 0.16
1.25 0.17
1.25 0.18
1.25 0.19
1.25 0.2
1.25 0.21
1.25 0.22
1.25 0.23
1.26 0.01
1.26 0.02
1.26 0.03
1.26 0.04
1.26 0.05
1.26 0.06
1.26 0.07
1.26 0.08
1.26 0.09
1.26 0.1
1.26 0.11
1.26 0.12
1.26 0.13
1.26 0.14
1.26 0.15
1.26 0.16
1.26 0.17
1.26 0.18
1.26 0.19
1.26 0.2
1.26 0.21
1.26 0.22
1.26 0.23
1.27 0.01
1.27 0.02
1.27 0.03
1.27 0.04
1.27 0.05
1.27 0.06
1.27 0.07
1.27 0.08
1.27 0.09
1.27 0.1
1.27 0.11
1.27 0.12
1.27 0.13
1.27 0.14
1.27 0.15
1.27 0.16
1.27 0.17
1.27 0.18
1.27 0.19
1.27 0.2
1.27 0.21
1.27 0.22
1.27 0.23
1.28 0.01
1.28 0.02
1.28 0.03
1.28 0.04
1.28 0.05
1.28 0.06
1.28 0.07
1.28 0.08
1.28 0.09
1.28 0.1
1.28 0.11
1.28 0.12
1.28 0.13
1.28 0.14
1.28 0.15
1.28 0.16
1.28 0.17
1.28 0.18
1.28 0.19
1.28 0.2
1.28 0.21
1.28 0.22
1.28 0.23
1.29 0.01
1.29 0.02
1.29 0.03
1.29 0.04
1.29 0.05
1.29 0.06
1.29 0.07
1.29 0.08
1.29 0.09
1.29 0.1
1.29 0.11
1.29 0.12
1.29 0.13
1.29 0.14
1.29 0.15
1.29 0.16
1.29 0.17
1.29 0.18
1.29 0.19
1.29 0.2
1.29 0.21
1.29 0.22
1.29 0.23
1.3 0.01
1.3 0.02
1.3 0.03
1.3 0.04
1.3 0.05
1.3 0.06
1.3 0.07
1.3 0.08
1.3 0.09
1.3 0.1
1.3 0.11
1.3 0.12
1.3 0.13
1.3 0.14
1.3 0.15
1.3 0.16
1.3 0.17
1.3 0.18
1.3 0.19
1.3 0.2
1.3 0.21
1.3 0.22
1.3 0.23
1.31 0.01
1.31 0.02
1.31 0.03
1.31 0.04
1.31 0.05
1.31 0.06
1.31 0.07
1.31 0.08
1.31 0.09
1.31 0.1
1.31 0.11
1.31 0.12
1.31 0.13
1.31 0.14
1.31 0.15
1.31 0.16
1.31 0.17
1.31 0.18
1.31 0.19
1.31 0.2
1.31 0.21
1.31 0.22
1.31 0.23
1.32 0.01
1.32 0.02
1.32 0.03
1.32 0.04
1.32 0.05
1.32 0.06
1.32 0.07
1.32 0.08
1.32 0.09
1.32 0.1
1.32 0.11
1.32 0.12
1.32 0.13
1.32 0.14
1.32 0.15
1.32 0.16
1.32 0.17
1.32 0.18
1.32 0.19
1.32 0.2
1.32 0.21
1.32 0.22
1.32 0.23
1.33 0.01
1.33 0.02
1.33 0.03
1.33 0.04
1.33 0.05
1.33 0.06
1.33 0.07
1.33 0.08
1.33 0.09
1.33 0.1
1.33 0.11
1.33 0.12
1.33 0.13
1.33 0.14
1.33 0.15
1.33 0.16
1.33 0.17
1.33 0.18
1.33 0.19
1.33 0.2
1.33 0.21
1.33 0.22
1.33 0.23
1.34 0.01
1.34 0.02
1.34 0.03
1.34 0.04
1.34 0.05
1.34 0.06
1.34 0.07
1.34 0.08
1.34 0.09
1.34 0.1
1.34 0.11
1.34 0.12
1.34 0.13
1.34 0.14
1.34 0.15
1.34 0.16
1.34 0.17
1.34 0.18
1.34 0.19
1.34 0.2
1.34 0.21
1.34 0.22
1.34 0.23
1.35 0.01
1.35 0.02
1.35 0.03
1.35 0.04
1.35 0.05
1.35 0.06
1.35 0.07
1.35 0.08
1.35 0.09
1.35 0.1
1.35 0.11
1.35 0.12
1.35 0.13
1.35 0.14
1.35 0.15
1.35 0.16
1.35 0.17
1.35 0.18
1.35 0.19
1.35 0.2
1.35 0.21
1.35 0.22
1.35 0.23
1.36 0.01
1.36 0.02
1.36 0.03
1.36 0.04
1.36 0.05
1.36 0.06
1.36 0.07
1.36 0.08
1.36 0.09
1.36 0.1
1.36 0.11
1.36 0.12
1.36 0.13
1.36 0.14
1.36 0.15
1.36 0.16
1.36 0.17
1.36 0.18
1.36 0.19
1.36 0.2
1.36 0.21
1.36 0.22
1.36 0.23
1.37 0.01
1.37 0.02
1.37 0.03
1.37 0.04
1.37 0.05
1.37 0.06
1.37 0.07
1.37 0.08
1.37 0.09
1.37 0.1
1.37 0.11
1.37 0.12
1.37 0.13
1.37 0.14
1.37 0.15
1.37 0.16
1.37 0.17
1.37 0.18
1.37 0.19
1.37 0.2
1.37 0.21
1.37 0.22
1.37 0.23
1.38 0.01
1.38 0.02
1.38 0.03
1.38 0.04
1.38 0.05
1.38 0.06
1.38 0.07
1.38 0.08
1.38 0.09
1.38 0.1
1.38 0.11
1.38 0.12
1.38 0.13
1.38 0.14
1.38 0.15
1.38 0.16
1.38 0.17
1.38 0.18
1.38 0.19
1.38 0.2
1.38 0.21
1.38 0.22
1.38 0.23
1.39 0.01
1.39 0.02
1.39 0.03
1.39 0.04
1.39 0.05
1.39 0.06
1.39 0.07
1.39 0.08
1.39 0.09
1.39 0.1
1.39 0.11
1.39 0.12
1.39 0.13
1.39 0.14
1.39 0.15
1.39 0.16
1.39 0.17
1.39 0.18
1.39 0.19
1.39 0.2
1.39 0.21
1.39 0.22
1.39 0.23
1.4 0.01
1.4 0.02
1.4 0.03
1.4 0.04
1.4 0.05
1.4 0.06
1.4 0.07
1.4 0.08
1.4 0.09
1.4 0.1
1.4 0.11
1.4 0.12
1.4 0.13
1.4 0.14
1.4 0.15
1.4 0.16
1.4 0.17
1.4 0.18
1.4 0.19
1.4 0.2
1.4 0.21
1.4 0.22
1.4 0.23
1.41 0.01
1.41 0.02
1.41 0.03
1.41 0.04
1.41 0.05
1.41 0.06
1.41 0.07
1.41 0.08
1.41 0.09
1.41 0.1
1.41 0.11
1.41 0.12
1.41 0.13
1.41 0.14
1.41 0.15
1.41 0.16
1.41 0.17
1.41 0.18
1.41 0.19
1.41 0.2
1.41 0.21
1.41 0.22
1.41 0.23
1.42 0.01
1.42 0.02
1.42 0.03
1.42 0.04
1.42 0.05
1.42 0.06
1.42 0.07
1.42 0.08
1.42 0.09
1.42 0.1
1.42 0.11
1.42 0.12
1.42 0.13
1.42 0.14
1.42 0.15
1.42 0.16
1.42 0.17
1.42 0.18
1.42 0.19
1.42 0.2
1.42 0.21
1.42 0.22
1.42 0.23
1.43 0.01
1.43 0.02
1.43 0.03
1.43 0.04
1.43 0.05
1.43 0.06
1.43 0.07
1.43 0.08
1.43 0.09
1.43 0.1
1.43 0.11
1.43 0.12
1.43 0.13
1.43 0.14
1.43 0.15
1.43 0.16
1.43 0.17
1.43 0.18
1.43 0.19
1.43 0.2
1.43 0.21
1.43 0.22
1.43 0.23
1.44 0.01
1.44 0.02
1.44 0.03
1.44 0.04
1.44 0.05
1.44 0.06
1.44 0.07
1.44 0.08
1.44 0.09
1.44 0.1
1.44 0.11
1.44 0.12
1.44 0.13
1.44 0.14
1.44 0.15
1.44 0.16
1.44 0.17
1.44 0.18
1.44 0.19
1.44 0.2
1.44 0.21
1.44 0.22
1.44 0.23
1.45 0.01
1.45 0.02
1.45 0.03
1.45 0.04
1.45 0.05
1.45 0.06
1.45 0.07
1.45 0.08
1.45 0.09
1.45 0.1
1.45 0.11
1.45 0.12
1.45 0.13
1.45 0.14
1.45 0.15
1.45 0.16
1.45 0.17
1.45 0.18
1.45 0.19
1.45 0.2
1.45 0.21
1.45 0.22
1.45 0.23
1.46 0.01
1.46 0.02
1.46 0.03
1.46 0.04
1.46 0.05
1.46 0.06
1.46 0.07
1.46 0.08
1.46 0.09
1.46 0.1
1.46 0.11
1.46 0.12
1.46 0.13
1.46 0.14
1.46 0.15
1.46 0.16
1.46 0.17
1.46 0.18
1.46 0.19
1.46 0.2
1.46 0.21
1.46 0.22
1.46 0.23
1.47 0.01
1.47 0.02
1.47 0.03
1.47 0.04
1.47 0.05
1.47 0.06
1.47 0.07
1.47 0.08
1.47 0.09
1.47 0.1
1.47 0.11
1.47 0.12
1.47 0.13
1.47 0.14
1.47 0.15
1.47 0.16
1.47 0.17
1.47 0.18
1.47 0.19
1.47 0.2
1.47 0.21
1.47 0.22
1.47 0.23
1.48 0.01
1.48 0.02
1.48 0.03
1.48 0.04
1.48 0.05
1.48 0.06
1.48 0.07
1.48 0.08
1.48 0.09
1.48 0.1
1.48 0.11
1.48 0.12
1.48 0.13
1.48 0.14
1.48 0.15
1.48 0.16
1.48 0.17
1.48 0.18
1.48 0.19
1.48 0.2
1.48 0.21
1.48 0.22
1.48 0.23
1.49 0.01
1.49 0.02
1.49 0.03
1.49 0.04
1.49 0.05
1.49 0.06
1.49 0.07
1.49 0.08
1.49 0.09
1.49 0.1
1.49 0.11
1.49 0.12
1.49 0.13
1.49 0.14
1.49 0.15
1.49 0.16
1.49 0.17
1.49 0.18
1.49 0.19
1.49 0.2
1.49 0.21
1.49 0.22
1.49 0.23
1.5 0.01
1.5 0.02
1.5 0.03
1.5 0.04
1.5 0.05
1.5 0.06
1.5 0.07
1.5 0.08
1.5 0.09
1.5 0.1
1.5 0.11
1.5 0.12
1.5 0.13
1.5 0.14
1.5 0.15
1.5 0.16
1.5 0.17
1.5 0.18
1.5 0.19
1.5 0.2
1.5 0.21
1.5 0.22
1.5 0.23
1.51 0.01
1.51 0.02
1.51 0.03
1.51 0.04
1.51 0.05
1.51 0.06
1.51 0.07
1.51 0.08
1.51 0.09
1.51 0.1
1.51 0.11
1.51 0.12
1.51 0.13
1.51 0.14
1.51 0.15
1.51 0.16
1.51 0.17
1.51 0.18
1.51 0.19
1.51 0.2
1.51 0.21
1.51 0.22
1.51 0.23
1.52 0.01
1.52 0.02
1.52 0.03
1.52 0.04
1.52 0.05
1.52 0.06
1.52 0.07
1.52 0.08
1.52 0.09
1.52 0.1
1.52 0.11
1.52 0.12
1.52 0.13
1.52 0.14
1.52 0.15
1.52 0.16
1.52 0.17
1.52 0.18
1.52 0.19
1.52 0.2
1.52 0.21
1.52 0.22
1.52 0.23
1.53 0.01
1.53 0.02
1.53 0.03
1.53 0.04
1.53 0.05
1.53 0.06
1.53 0.07
1.53 0.08
1.53 0.09
1.53 0.1
1.53 0.11
1.53 0.12
1.53 0.13
1.53 0.14
1.53 0.15
1.53 0.16
1.53 0.17
1.53 0.18
1.53 0.19
1.53 0.2
1.53 0.21
1.53 0.22
1.53 0.23
1.54 0.01
1.54 0.02
1.54 0.03
1.54 0.04
1.54 0.05
1.54 0.06
1.54 0.07
1.54 0.08
1.54 0.09
1.54 0.1
1.54 0.11
1.54 0.12
1.54 0.13
1.54 0.14
1.54 0.15
1.54 0.16
1.54 0.17
1.54 0.18
1.54 0.19
1.54 0.2
1.54 0.21
1.54 0.22
1.54 0.23
1.54 0.24
1.55 0.01
1.55 0.02
1.55 0.03
1.55 0.04
1.55 0.05
1.55 0.06
1.55 0.07
1.55 0.08
1.55 0.09
1.55 0.1
1.55 0.11
1.55 0.12
1.55 0.13
1.55 0.14
1.55 0.15
1.55 0.16
1.55 0.17
1.55 0.18
1.55 0.19
1.55 0.2
1.55 0.21
1.55 0.22
1.55 0.23
1.55 0.24
1.56 0.01
1.56 0.02
1.56 0.03
1.56 0.04
1.56 0.05
1.56 0.06
1.56 0.07
1.56 0.08
1.56 0.09
1.56 0.1
1.56 0.11
1.56 0.12
1.56 0.13
1.56 0.14
1.56 0.15
1.56 0.16
1.56 0.17
1.56 0.18
1.56 0.19
1.56 0.2
1.56 0.21
1.56 0.22
1.56 0.23
1.56 0.24
1.57 0.01
1.57 0.02
1.57 0.03
1.57 0.04
1.57 0.05
1.57 0.06
1.57 0.07
1.57 0.08
1.57 0.09
1.57 0.1
1.57 0.11
1.57 0.12
1.57 0.13
1.57 0.14
1.57 0.15
1.57 0.16
1.57 0.17
1.57 0.18
1.57 0.19
1.57 0.2
1.57 0.21
1.57 0.22
1.57 0.23
1.57 0.24
1.58 0.01
1.58 0.02
1.58 0.03
1.58 0.04
1.58 0.05
1.58 0.06
1.58 0.07
1.58 0.08
1.58 0.09
1.58 0.1
1.58 0.11
1.58 0.12
1.58 0.13
1.58 0.14
1.58 0.15
1.58 0.16
1.58 0.17
1.58 0.18
1.58 0.19
1.58 0.2
1.58 0.21
1.58 0.22
1.58 0.23
1.58 0.24
1.59 0.01
1.59 0.02
1.59 0.03
1.59 0.04
1.59 0.05
1.59 0.06
1.59 0.07
1.59 0.08
1.59 0.09
1.59 0.1
1.59 0.11
1.59 0.12
1.59 0.13
1.59 0.14
1.59 0.15
1.59 0.16
1.59 0.17
1.59 0.18
1.59 0.19
1.59 0.2
1.59 0.21
1.59 0.22
1.59 0.23
1.59 0.24
1.6 0.01
1.6 0.02
1.6 0.03
1.6 0.04
1.6 0.05
1.6 0.06
1.6 0.07
1.6 0.08
1.6 0.09
1.6 0.1
1.6 0.11
1.6 0.12
1.6 0.13
1.6 0.14
1.6 0.15
1.6 0.16
1.6 0.17
1.6 0.18
1.6 0.19
1.6 0.2
1.6 0.21
1.6 0.22
1.6 0.23
1.6 0.24
1.61 0.01
1.61 0.02
1.61 0.03
1.61 0.04
1.61 0.05
1.61 0.06
1.61 0.07
1.61 0.08
1.61 0.09
1.61 0.1
1.61 0.11
1.61 0.12
1.61 0.13
1.61 0.14
1.61 0.15
1.61 0.16
1.61 0.17
1.61 0.18
1.61 0.19
1.61 0.2
1.61 0.21
1.61 0.22
1.61 0.23
1.61 0.24
1.62 0.01
1.62 0.02
1.62 0.03
1.62 0.04
1.62 0.05
1.62 0.06
1.62 0.07
1.62 0.08
1.62 0.09
1.62 0.1
1.62 0.11
1.62 0.12
1.62 0.13
1.62 0.14
1.62 0.15
1.62 0.16
1.62 0.17
1.62 0.18
1.62 0.19
1.62 0.2
1.62 0.21
1.62 0.22
1.62 0.23
1.62 0.24
1.63 0.01
1.63 0.02
1.63 0.03
1.63 0.04
1.63 0.05
1.63 0.06
1.63 0.07
1.63 0.08
1.63 0.09
1.63 0.1
1.63 0.11
1.63 0.12
1.63 0.13
1.63 0.14
1.63 0.15
1.63 0.16
1.63 0.17
1.63 0.18
1.63 0.19
1.63 0.2
1.63 0.21
1.63 0.22
1.63 0.23
1.63 0.24
1.64 0.01
1.64 0.02
1.64 0.03
1.64 0.04
1.64 0.05
1.64 0.06
1.64 0.07
1.64 0.08
1.64 0.09
1.64 0.1
1.64 0.11
1.64 0.12
1.64 0.13
1.64 0.14
1.64 0.15
1.64 0.16
1.64 0.17
1.64 0.18
1.64 0.19
1.64 0.2
1.64 0.21
1.64 0.22
1.64 0.23
1.64 0.24
1.65 0.01
1.65 0.02
1.65 0.03
1.65 0.04
1.65 0.05
1.65 0.06
1.65 0.07
1.65 0.08
1.65 0.09
1.65 0.1
1.65 0.11
1.65 0.12
1.65 0.13
1.65 0.14
1.65 0.15
1.65 0.16
1.65 0.17
1.65 0.18
1.65 0.19
1.65 0.2
1.65 0.21
1.65 0.22
1.65 0.23
1.65 0.24
1.66 0.01
1.66 0.02
1.66 0.03
1.66 0.04
1.66 0.05
1.66 0.06
1.66 0.07
1.66 0.08
1.66 0.09
1.66 0.1
1.66 0.11
1.66 0.12
1.66 0.13
1.66 0.14
1.66 0.15
1.66 0.16
1.66 0.17
1.66 0.18
1.66 0.19
1.66 0.2
1.66 0.21
1.66 0.22
1.66 0.23
1.66 0.24
1.67 0.01
1.67 0.02
1.67 0.03
1.67 0.04
1.67 0.05
1.67 0.06
1.67 0.07
1.67 0.08
1.67 0.09
1.67 0.1
1.67 0.11
1.67 0.12
1.67 0.13
1.67 0.14
1.67 0.15
1.67 0.16
1.67 0.17
1.67 0.18
1.67 0.19
1.67 0.2
1.67 0.21
1.67 0.22
1.67 0.23
1.67 0.24
1.68 0.01
1.68 0.02
1.68 0.03
1.68 0.04
1.68 0.05
1.68 0.06
1.68 0.07
1.68 0.08
1.68 0.09
1.68 0.1
1.68 0.11
1.68 0.12
1.68 0.13
1.68 0.14
1.68 0.15
1.68 0.16
1.68 0.17
1.68 0.18
1.68 0.19
1.68 0.2
1.68 0.21
1.68 0.22
1.68 0.23
1.68 0.24
1.69 0.01
1.69 0.02
1.69 0.03
1.69 0.04
1.69 0.05
1.69 0.06
1.69 0.07
1.69 0.08
1.69 0.09
1.69 0.1
1.69 0.11
1.69 0.12
1.69 0.13
1.69 0.14
1.69 0.15
1.69 0.16
1.69 0.17
1.69 0.18
1.69 0.19
1.69 0.2
1.69 0.21
1.69 0.22
1.69 0.23
1.69 0.24
1.7 0.01
1.7 0.02
1.7 0.03
1.7 0.04
1.7 0.05
1.7 0.06
1.7 0.07
1.7 0.08
1.7 0.09
1.7 0.1
1.7 0.11
1.7 0.12
1.7 0.13
1.7 0.14
1.7 0.15
1.7 0.16
1.7 0.17
1.7 0.18
1.7 0.19
1.7 0.2
1.7 0.21
1.7 0.22
1.7 0.23
1.7 0.24
1.71 0.01
1.71 0.02
1.71 0.03
1.71 0.04
1.71 0.05
1.71 0.06
1.71 0.07
1.71 0.08
1.71 0.09
1.71 0.1
1.71 0.11
1.71 0.12
1.71 0.13
1.71 0.14
1.71 0.15
1.71 0.16
1.71 0.17
1.71 0.18
1.71 0.19
1.71 0.2
1.71 0.21
1.71 0.22
1.71 0.23
1.71 0.24
1.72 0.01
1.72 0.02
1.72 0.03
1.72 0.04
1.72 0.05
1.72 0.06
1.72 0.07
1.72 0.08
1.72 0.09
1.72 0.1
1.72 0.11
1.72 0.12
1.72 0.13
1.72 0.14
1.72 0.15
1.72 0.16
1.72 0.17
1.72 0.18
1.72 0.19
1.72 0.2
1.72 0.21
1.72 0.22
1.72 0.23
1.72 0.24
1.73 0.01
1.73 0.02
1.73 0.03
1.73 0.04
1.73 0.05
1.73 0.06
1.73 0.07
1.73 0.08
1.73 0.09
1.73 0.1
1.73 0.11
1.73 0.12
1.73 0.13
1.73 0.14
1.73 0.15
1.73 0.16
1.73 0.17
1.73 0.18
1.73 0.19
1.73 0.2
1.73 0.21
1.73 0.22
1.73 0.23
1.73 0.24
1.74 0.01
1.74 0.02
1.74 0.03
1.74 0.04
1.74 0.05
1.74 0.06
1.74 0.07
1.74 0.08
1.74 0.09
1.74 0.1
1.74 0.11
1.74 0.12
1.74 0.13
1.74 0.14
1.74 0.15
1.74 0.16
1.74 0.17
1.74 0.18
1.74 0.19
1.74 0.2
1.74 0.21
1.74 0.22
1.74 0.23
1.74 0.24
1.75 0.01
1.75 0.02
1.75 0.03
1.75 0.04
1.75 0.05
1.75 0.06
1.75 0.07
1.75 0.08
1.75 0.09
1.75 0.1
1.75 0.11
1.75 0.12
1.75 0.13
1.75 0.14
1.75 0.15
1.75 0.16
1.75 0.17
1.75 0.18
1.75 0.19
1.75 0.2
1.75 0.21
1.75 0.22
1.75 0.23
1.75 0.24
1.76 0.01
1.76 0.02
1.76 0.03
1.76 0.04
1.76 0.05
1.76 0.06
1.76 0.07
1.76 0.08
1.76 0.09
1.76 0.1
1.76 0.11
1.76 0.12
1.76 0.13
1.76 0.14
1.76 0.15
1.76 0.16
1.76 0.17
1.76 0.18
1.76 0.19
1.76 0.2
1.76 0.21
1.76 0.22
1.76 0.23
1.76 0.24
1.77 0.01
1.77 0.02
1.77 0.03
1.77 0.04
1.77 0.05
1.77 0.06
1.77 0.07
1.77 0.08
1.77 0.09
1.77 0.1
1.77 0.11
1.77 0.12
1.77 0.13
1.77 0.14
1.77 0.15
1.77 0.16
1.77 0.17
1.77 0.18
1.77 0.19
1.77 0.2
1.77 0.21
1.77 0.22
1.77 0.23
1.77 0.24
1.78 0.01
1.78 0.02
1.78 0.03
1.78 0.04
1.78 0.05
1.78 0.06
1.78 0.07
1.78 0.08
1.78 0.09
1.78 0.1
1.78 0.11
1.78 0.12
1.78 0.13
1.78 0.14
1.78 0.15
1.78 0.16
1.78 0.17
1.78 0.18
1.78 0.19
1.78 0.2
1.78 0.21
1.78 0.22
1.78 0.23
1.78 0.24
1.79 0.01
1.79 0.02
1.79 0.03
1.79 0.04
1.79 0.05
1.79 0.06
1.79 0.07
1.79 0.08
1.79 0.09
1.79 0.1
1.79 0.11
1.79 0.12
1.79 0.13
1.79 0.14
1.79 0.15
1.79 0.16
1.79 0.17
1.79 0.18
1.79 0.19
1.79 0.2
1.79 0.21
1.79 0.22
1.79 0.23
1.79 0.24
1.8 0.01
1.8 0.02
1.8 0.03
1.8 0.04
1.8 0.05
1.8 0.06
1.8 0.07
1.8 0.08
1.8 0.09
1.8 0.1
1.8 0.11
1.8 0.12
1.8 0.13
1.8 0.14
1.8 0.15
1.8 0.16
1.8 0.17
1.8 0.18
1.8 0.19
1.8 0.2
1.8 0.21
1.8 0.22
1.8 0.23
1.8 0.24
1.81 0.01
1.81 0.02
1.81 0.03
1.81 0.04
1.81 0.05
1.81 0.06
1.81 0.07
1.81 0.08
1.81 0.09
1.81 0.1
1.81 0.11
1.81 0.12
1.81 0.13
1.81 0.14
1.81 0.15
1.81 0.16
1.81 0.17
1.81 0.18
1.81 0.19
1.81 0.2
1.81 0.21
1.81 0.22
1.81 0.23
1.81 0.24
1.82 0.01
1.82 0.02
1.82 0.03
1.82 0.04
1.82 0.05
1.82 0.06
1.82 0.07
1.82 0.08
1.82 0.09
1.82 0.1
1.82 0.11
1.82 0.12
1.82 0.13
1.82 0.14
1.82 0.15
1.82 0.16
1.82 0.17
1.82 0.18
1.82 0.19
1.82 0.2
1.82 0.21
1.82 0.22
1.82 0.23
1.82 0.24
1.83 0.01
1.83 0.02
1.83 0.03
1.83 0.04
1.83 0.05
1.83 0.06
1.83 0.07
1.83 0.08
1.83 0.09
1.83 0.1
1.83 0.11
1.83 0.12
1.83 0.13
1.83 0.14
1.83 0.15
1.83 0.16
1.83 0.17
1.83 0.18
1.83 0.19
1.83 0.2
1.83 0.21
1.83 0.22
1.83 0.23
1.83 0.24
1.84 0.01
1.84 0.02
1.84 0.03
1.84 0.04
1.84 0.05
1.84 0.06
1.84 0.07
1.84 0.08
1.84 0.09
1.84 0.1
1.84 0.11
1.84 0.12
1.84 0.13
1.84 0.14
1.84 0.15
1.84 0.16
1.84 0.17
1.84 0.18
1.84 0.19
1.84 0.2
1.84 0.21
1.84 0.22
1.84 0.23
1.84 0.24
1.85 0.01
1.85 0.02
1.85 0.03
1.85 0.04
1.85 0.05
1.85 0.06
1.85 0.07
1.85 0.08
1.85 0.09
1.85 0.1
1.85 0.11
1.85 0.12
1.85 0.13
1.85 0.14
1.85 0.15
1.85 0.16
1.85 0.17
1.85 0.18
1.85 0.19
1.85 0.2
1.85 0.21
1.85 0.22
1.85 0.23
1.85 0.24
1.86 0.01
1.86 0.02
1.86 0.03
1.86 0.04
1.86 0.05
1.86 0.06
1.86 0.07
1.86 0.08
1.86 0.09
1.86 0.1
1.86 0.11
1.86 0.12
1.86 0.13
1.86 0.14
1.86 0.15
1.86 0.16
1.86 0.17
1.86 0.18
1.86 0.19
1.86 0.2
1.86 0.21
1.86 0.22
1.86 0.23
1.86 0.24
1.87 0.01
1.87 0.02
1.87 0.03
1.87 0.04
1.87 0.05
1.87 0.06
1.87 0.07
1.87 0.08
1.87 0.09
1.87 0.1
1.87 0.11
1.87 0.12
1.87 0.13
1.87 0.14
1.87 0.15
1.87 0.16
1.87 0.17
1.87 0.18
1.87 0.19
1.87 0.2
1.87 0.21
1.87 0.22
1.87 0.23
1.87 0.24
1.88 0.01
1.88 0.02
1.88 0.03
1.88 0.04
1.88 0.05
1.88 0.06
1.88 0.07
1.88 0.08
1.88 0.09
1.88 0.1
1.88 0.11
1.88 0.12
1.88 0.13
1.88 0.14
1.88 0.15
1.88 0.16
1.88 0.17
1.88 0.18
1.88 0.19
1.88 0.2
1.88 0.21
1.88 0.22
1.88 0.23
1.88 0.24
1.89 0.01
1.89 0.02
1.89 0.03
1.89 0.04
1.89 0.05
1.89 0.06
1.89 0.07
1.89 0.08
1.89 0.09
1.89 0.1
1.89 0.11
1.89 0.12
1.89 0.13
1.89 0.14
1.89 0.15
1.89 0.16
1.89 0.17
1.89 0.18
1.89 0.19
1.89 0.2
1.89 0.21
1.89 0.22
1.89 0.23
1.89 0.24
1.89 0.25
1.9 0.01
1.9 0.02
1.9 0.03
1.9 0.04
1.9 0.05
1.9 0.06
1.9 0.07
1.9 0.08
1.9 0.09
1.9 0.1
1.9 0.11
1.9 0.12
1.9 0.13
1.9 0.14
1.9 0.15
1.9 0.16
1.9 0.17
1.9 0.18
1.9 0.19
1.9 0.2
1.9 0.21
1.9 0.22
1.9 0.23
1.9 0.24
1.9 0.25
1.91 0.01
1.91 0.02
1.91 0.03
1.91 0.04
1.91 0.05
1.91 0.06
1.91 0.07
1.91 0.08
1.91 0.09
1.91 0.1
1.91 0.11
1.91 0.12
1.91 0.13
1.91 0.14
1.91 0.15
1.91 0.16
1.91 0.17
1.91 0.18
1.91 0.19
1.91 0.2
1.91 0.21
1.91 0.22
1.91 0.23
1.91 0.24
1.91 0.25
1.92 0.01
1.92 0.02
1.92 0.03
1.92 0.04
1.92 0.05
1.92 0.06
1.92 0.07
1.92 0.08
1.92 0.09
1.92 0.1
1.92 0.11
1.92 0.12
1.92 0.13
1.92 0.14
1.92 0.15
1.92 0.16
1.92 0.17
1.92 0.18
1.92 0.19
1.92 0.2
1.92 0.21
1.92 0.22
1.92 0.23
1.92 0.24
1.92 0.25
1.93 0.01
1.93 0.02
1.93 0.03
1.93 0.04
1.93 0.05
1.93 0.06
1.93 0.07
1.93 0.08
1.93 0.09
1.93 0.1
1.93 0.11
1.93 0.12
1.93 0.13
1.93 0.14
1.93 0.15
1.93 0.16
1.93 0.17
1.93 0.18
1.93 0.19
1.93 0.2
1.93 0.21
1.93 0.22
1.93 0.23
1.93 0.24
1.93 0.25
1.94 0.01
1.94 0.02
1.94 0.03
1.94 0.04
1.94 0.05
1.94 0.06
1.94 0.07
1.94 0.08
1.94 0.09
1.94 0.1
1.94 0.11
1.94 0.12
1.94 0.13
1.94 0.14
1.94 0.15
1.94 0.16
1.94 0.17
1.94 0.18
1.94 0.19
1.94 0.2
1.94 0.21
1.94 0.22
1.94 0.23
1.94 0.24
1.94 0.25
1.95 0.01
1.95 0.02
1.95 0.03
1.95 0.04
1.95 0.05
1.95 0.06
1.95 0.07
1.95 0.08
1.95 0.09
1.95 0.1
1.95 0.11
1.95 0.12
1.95 0.13
1.95 0.14
1.95 0.15
1.95 0.16
1.95 0.17
1.95 0.18
1.95 0.19
1.95 0.2
1.95 0.21
1.95 0.22
1.95 0.23
1.95 0.24
1.95 0.25
1.96 0.01
1.96 0.02
1.96 0.03
1.96 0.04
1.96 0.05
1.96 0.06
1.96 0.07
1.96 0.08
1.96 0.09
1.96 0.1
1.96 0.11
1.96 0.12
1.96 0.13
1.96 0.14
1.96 0.15
1.96 0.16
1.96 0.17
1.96 0.18
1.96 0.19
1.96 0.2
1.96 0.21
1.96 0.22
1.96 0.23
1.96 0.24
1.96 0.25
1.97 0.01
1.97 0.02
1.97 0.03
1.97 0.04
1.97 0.05
1.97 0.06
1.97 0.07
1.97 0.08
1.97 0.09
1.97 0.1
1.97 0.11
1.97 0.12
1.97 0.13
1.97 0.14
1.97 0.15
1.97 0.16
1.97 0.17
1.97 0.18
1.97 0.19
1.97 0.2
1.97 0.21
1.97 0.22
1.97 0.23
1.97 0.24
1.97 0.25
1.98 0.01
1.98 0.02
1.98 0.03
1.98 0.04
1.98 0.05
1.98 0.06
1.98 0.07
1.98 0.08
1.98 0.09
1.98 0.1
1.98 0.11
1.98 0.12
1.98 0.13
1.98 0.14
1.98 0.15
1.98 0.16
1.98 0.17
1.98 0.18
1.98 0.19
1.98 0.2
1.98 0.21
1.98 0.22
1.98 0.23
1.98 0.24
1.98 0.25
1.99 0.01
1.99 0.02
1.99 0.03
1.99 0.04
1.99 0.05
1.99 0.06
1.99 0.07
1.99 0.08
1.99 0.09
1.99 0.1
1.99 0.11
1.99 0.12
1.99 0.13
1.99 0.14
1.99 0.15
1.99 0.16
1.99 0.17
1.99 0.18
1.99 0.19
1.99 0.2
1.99 0.21
1.99 0.22
1.99 0.23
1.99 0.24
1.99 0.25
