0.012 0.135
0.016 0.132
0.016 0.143
0.017 0.125
0.018 0.135
0.019 0.136
0.019 0.148
0.02 0.138
0.021 0.139
0.021 0.151
0.023 0.142
0.023 0.154
0.025 0.135
0.026 0.136
0.027 0.159
0.028 0.16
0.029 0.139
0.029 0.161
0.03 0.14
0.036 0.124
0.037 0.146
0.037 0.156
0.038 0.157
0.038 0.17
0.039 0.126
0.039 0.171
0.04 0.172
0.041 0.149
0.042 0.16
0.043 0.161
0.044 0.129
0.044 0.175
0.045 0.162
0.045 0.176
0.046 0.163
0.048 0.164
0.049 0.165
0.049 0.179
0.05 0.155
0.052 0.167
0.052 0.181
0.055 0.158
0.055 0.169
0.055 0.183
0.058 0.185
0.061 0.187
0.066 0.19
0.068 0.191
0.071 0.142
0.071 0.178
0.073 0.194
0.075 0.195
0.077 0.169
0.077 0.196
0.079 0.197
0.08 0.136
0.081 0.198
0.082 0.183
0.083 0.199
0.084 0.172
0.084 0.184
0.085 0.2
0.088 0.201
0.089 0.174
0.089 0.186
0.09 0.202
0.091 0.187
0.092 0.187
0.092 0.203
0.094 0.176
0.094 0.188
0.094 0.204
0.095 0.144
0.096 0.189
0.097 0.177
0.097 0.189
0.097 0.205
0.099 0.19
0.099 0.206
0.1 0.19
0.101 0.191
0.101 0.207
0.102 0.191
0.103 0.153
0.104 0.192
0.104 0.208
0.106 0.209
0.107 0.193
0.109 0.21
0.11 0.155
0.11 0.231
0.112 0.211
0.114 0.212
0.115 0.196
0.117 0.213
0.118 0.197
0.12 0.214
0.121 0.158
0.121 0.185
0.121 0.198
0.122 0.215
0.123 0.215
0.124 0.186
0.124 0.199
0.125 0.159
0.125 0.216
0.126 0.216
0.128 0.217
0.129 0.16
0.129 0.217
0.131 0.188
0.131 0.218
0.132 0.218
0.133 0.161
0.134 0.219
0.135 0.219
0.136 0.206
0.137 0.162
0.137 0.22
0.138 0.19
0.138 0.22
0.14 0.221
0.141 0.221
0.142 0.191
0.144 0.222
0.146 0.164
0.147 0.223
0.15 0.224
0.151 0.158
0.151 0.207
0.151 0.224
0.153 0.194
0.154 0.225
0.155 0.166
0.155 0.208
0.157 0.195
0.157 0.212
0.157 0.226
0.158 0.226
0.159 0.209
0.16 0.167
0.161 0.196
0.161 0.227
0.163 0.21
0.164 0.157
0.164 0.228
0.165 0.228
0.167 0.211
0.168 0.229
0.17 0.198
0.171 0.212
0.171 0.23
0.172 0.23
0.174 0.199
0.175 0.213
0.175 0.231
0.176 0.231
0.179 0.214
0.179 0.232
0.18 0.171
0.18 0.214
0.18 0.232
0.182 0.164
0.183 0.201
0.183 0.215
0.183 0.233
0.184 0.215
0.184 0.233
0.185 0.172
0.187 0.216
0.187 0.234
0.188 0.202
0.188 0.216
0.188 0.234
0.189 0.216
0.191 0.235
0.192 0.203
0.192 0.217
0.192 0.235
0.193 0.217
0.195 0.236
0.196 0.174
0.196 0.218
0.196 0.236
0.197 0.204
0.197 0.218
0.199 0.237
0.2 0.237
0.201 0.219
0.202 0.175
0.202 0.205
0.202 0.219
0.203 0.238
0.204 0.238
0.205 0.22
0.206 0.22
0.207 0.206
0.208 0.176
0.208 0.239
0.209 0.239
0.21 0.221
0.212 0.207
0.212 0.24
0.213 0.24
0.214 0.177
0.215 0.222
0.216 0.241
0.217 0.208
0.217 0.241
0.218 0.241
0.22 0.178
0.221 0.242
0.222 0.209
0.222 0.242
0.225 0.243
0.226 0.179
0.226 0.243
0.227 0.243
0.228 0.21
0.23 0.244
0.231 0.244
0.232 0.18
0.233 0.211
0.235 0.245
0.236 0.245
0.237 0.169
0.239 0.181
0.239 0.212
0.24 0.246
0.241 0.246
0.245 0.213
0.245 0.247
0.246 0.182
0.246 0.247
0.25 0.214
0.25 0.248
0.251 0.248
0.252 0.183
0.255 0.249
0.256 0.215
0.256 0.249
0.259 0.176
0.259 0.184
0.26 0.25
0.261 0.25
0.262 0.216
0.265 0.251
0.266 0.185
0.266 0.251
0.267 0.185
0.267 0.251
0.268 0.217
0.27 0.252
0.271 0.252
0.272 0.252
0.273 0.233
0.274 0.178
0.274 0.186
0.275 0.218
0.276 0.253
0.277 0.253
0.278 0.253
0.279 0.234
0.281 0.187
0.281 0.219
0.281 0.254
0.282 0.254
0.283 0.254
0.285 0.235
0.287 0.22
0.287 0.255
0.288 0.22
0.288 0.255
0.289 0.188
0.289 0.255
0.291 0.236
0.292 0.256
0.293 0.256
0.294 0.221
0.294 0.256
0.297 0.189
0.298 0.181
0.298 0.237
0.298 0.257
0.299 0.257
0.3 0.257
0.301 0.222
0.304 0.19
0.304 0.238
0.304 0.258
0.305 0.19
0.305 0.258
0.306 0.258
0.307 0.223
0.308 0.223
0.31 0.239
0.31 0.259
0.311 0.239
0.311 0.259
0.312 0.259
0.313 0.191
0.314 0.224
0.315 0.224
0.316 0.26
0.317 0.24
0.317 0.26
0.318 0.24
0.318 0.26
0.32 0.286
0.321 0.192
0.321 0.225
0.322 0.225
0.322 0.261
0.323 0.241
0.323 0.261
0.324 0.241
0.324 0.261
0.325 0.241
0.328 0.262
0.329 0.193
0.329 0.226
0.329 0.262
0.33 0.242
0.33 0.262
0.331 0.242
0.331 0.262
0.332 0.242
0.332 0.259
0.334 0.181
0.335 0.263
0.336 0.227
0.336 0.263
0.337 0.243
0.337 0.263
0.338 0.194
0.338 0.243
0.339 0.243
0.34 0.243
0.341 0.264
0.342 0.264
0.343 0.228
0.343 0.264
0.344 0.228
0.344 0.244
0.345 0.244
0.346 0.244
0.347 0.195
0.347 0.244
0.348 0.265
0.349 0.265
0.35 0.265
0.351 0.229
0.351 0.245
0.352 0.229
0.352 0.245
0.353 0.245
0.354 0.266
0.355 0.266
0.355 0.292
0.356 0.196
0.356 0.266
0.357 0.266
0.358 0.246
0.359 0.23
0.359 0.246
0.36 0.246
0.361 0.267
0.362 0.267
0.363 0.267
0.365 0.197
0.366 0.247
0.367 0.231
0.367 0.247
0.368 0.268
0.369 0.268
0.37 0.189
0.37 0.268
0.373 0.248
0.374 0.198
0.374 0.248
0.375 0.232
0.375 0.269
0.376 0.269
0.377 0.269
0.381 0.249
0.381 0.27
0.382 0.27
0.383 0.233
0.383 0.27
0.384 0.199
0.384 0.27
0.389 0.271
0.39 0.191
0.39 0.271
0.391 0.234
0.391 0.271
0.392 0.234
0.392 0.271
0.393 0.2
0.394 0.2
0.396 0.251
0.396 0.272
0.397 0.272
0.398 0.272
0.399 0.235
0.399 0.272
0.4 0.192
0.4 0.235
0.403 0.201
0.403 0.273
0.404 0.201
0.404 0.252
0.404 0.273
0.405 0.273
0.406 0.273
0.408 0.236
0.409 0.236
0.411 0.274
0.412 0.253
0.412 0.274
0.413 0.202
0.413 0.274
0.414 0.202
0.414 0.274
0.417 0.237
0.418 0.237
0.418 0.275
0.419 0.275
0.42 0.275
0.421 0.275
0.424 0.203
0.426 0.238
0.426 0.276
0.427 0.276
0.428 0.276
0.429 0.276
0.434 0.204
0.434 0.277
0.435 0.204
0.435 0.239
0.435 0.277
0.436 0.277
0.437 0.191
0.437 0.277
0.441 0.278
0.442 0.278
0.443 0.278
0.444 0.24
0.444 0.278
0.445 0.205
0.445 0.24
0.445 0.278
0.446 0.205
0.449 0.279
0.45 0.279
0.451 0.279
0.452 0.279
0.453 0.241
0.453 0.279
0.454 0.241
0.455 0.197
0.456 0.206
0.457 0.206
0.457 0.28
0.458 0.28
0.459 0.28
0.46 0.28
0.461 0.28
0.462 0.242
0.463 0.242
0.464 0.242
0.466 0.281
0.467 0.207
0.467 0.281
0.468 0.207
0.468 0.281
0.469 0.281
0.472 0.243
0.473 0.243
0.474 0.282
0.475 0.282
0.476 0.282
0.477 0.282
0.478 0.208
0.478 0.282
0.479 0.208
0.482 0.244
0.483 0.244
0.483 0.283
0.484 0.283
0.485 0.227
0.485 0.283
0.486 0.283
0.49 0.209
0.491 0.2
0.491 0.209
0.491 0.262
0.491 0.284
0.492 0.245
0.492 0.284
0.493 0.245
0.493 0.284
0.494 0.284
0.495 0.284
0.5 0.263
0.5 0.285
0.501 0.263
0.501 0.285
0.502 0.21
0.502 0.246
0.502 0.285
0.503 0.201
0.503 0.21
0.503 0.246
0.503 0.285
0.504 0.285
0.509 0.286
0.51 0.264
0.51 0.286
0.511 0.264
0.511 0.286
0.512 0.247
0.512 0.286
0.513 0.247
0.513 0.286
0.514 0.211
0.515 0.211
0.516 0.202
0.518 0.287
0.519 0.287
0.52 0.265
0.52 0.287
0.521 0.265
0.521 0.287
0.522 0.287
0.523 0.248
0.524 0.248
0.526 0.212
0.527 0.212
0.527 0.288
0.528 0.288
0.529 0.288
0.53 0.266
0.53 0.288
0.531 0.266
0.531 0.288
0.533 0.249
0.534 0.249
0.535 0.249
0.536 0.289
0.537 0.289
0.538 0.289
0.539 0.213
0.539 0.289
0.54 0.213
0.54 0.267
0.54 0.289
0.541 0.267
0.542 0.204
0.542 0.267
0.544 0.25
0.545 0.25
0.545 0.29
0.546 0.29
0.547 0.29
0.548 0.29
0.549 0.29
0.55 0.268
0.55 0.29
0.551 0.214
0.551 0.268
0.552 0.214
0.552 0.268
0.553 0.214
0.553 0.268
0.555 0.251
0.555 0.291
0.556 0.251
0.556 0.291
0.557 0.291
0.558 0.291
0.559 0.291
0.56 0.269
0.561 0.269
0.562 0.269
0.563 0.269
0.564 0.201
0.564 0.215
0.564 0.269
0.564 0.292
0.565 0.215
0.565 0.292
0.566 0.215
0.566 0.252
0.566 0.292
0.567 0.252
0.567 0.292
0.568 0.252
0.568 0.292
0.569 0.206
0.569 0.292
0.571 0.27
0.572 0.27
0.573 0.27
0.574 0.234
0.574 0.27
0.574 0.293
0.575 0.27
0.575 0.293
0.576 0.293
0.577 0.253
0.577 0.293
0.578 0.216
0.578 0.253
0.578 0.293
0.579 0.216
0.579 0.253
0.579 0.293
0.581 0.271
0.582 0.271
0.583 0.207
0.583 0.271
0.584 0.271
0.584 0.294
0.585 0.271
0.585 0.294
0.586 0.294
0.587 0.294
0.588 0.294
0.589 0.254
0.589 0.294
0.59 0.254
0.591 0.217
0.591 0.254
0.592 0.217
0.592 0.272
0.593 0.272
0.594 0.272
0.594 0.295
0.595 0.272
0.595 0.295
0.596 0.295
0.597 0.208
0.597 0.295
0.598 0.277
0.598 0.295
0.599 0.295
0.601 0.255
0.602 0.255
0.603 0.273
0.604 0.273
0.604 0.296
0.605 0.218
0.605 0.273
0.605 0.296
0.606 0.218
0.606 0.296
0.607 0.296
0.608 0.296
0.609 0.296
0.612 0.256
0.613 0.256
0.614 0.256
0.614 0.274
0.614 0.297
0.615 0.274
0.615 0.297
0.616 0.274
0.616 0.297
0.617 0.297
0.618 0.297
0.619 0.219
0.619 0.297
0.62 0.219
0.624 0.257
0.625 0.257
0.625 0.275
0.625 0.298
0.626 0.257
0.626 0.275
0.626 0.298
0.627 0.298
0.628 0.298
0.629 0.298
0.63 0.298
0.633 0.22
0.634 0.22
0.635 0.22
0.635 0.299
0.636 0.299
0.637 0.258
0.637 0.276
0.637 0.299
0.638 0.239
0.638 0.258
0.638 0.299
0.639 0.258
0.639 0.299
0.64 0.299
0.646 0.3
0.647 0.3
0.648 0.221
0.648 0.277
0.648 0.3
0.649 0.221
0.649 0.259
0.649 0.277
0.649 0.3
0.65 0.259
0.65 0.3
0.651 0.259
0.651 0.3
0.657 0.212
0.657 0.301
0.658 0.301
0.659 0.301
0.66 0.278
0.66 0.301
0.661 0.301
0.662 0.222
0.662 0.26
0.662 0.301
0.663 0.222
0.663 0.26
0.664 0.222
0.664 0.26
0.668 0.302
0.669 0.302
0.67 0.302
0.671 0.302
0.672 0.279
0.672 0.302
0.673 0.302
0.675 0.261
0.676 0.261
0.677 0.223
0.677 0.261
0.678 0.223
0.679 0.223
0.679 0.303
0.68 0.303
0.681 0.303
0.682 0.303
0.683 0.303
0.684 0.28
0.684 0.303
0.685 0.303
0.688 0.262
0.689 0.262
0.69 0.262
0.69 0.304
0.691 0.304
0.692 0.304
0.693 0.224
0.693 0.304
0.694 0.224
0.694 0.304
0.695 0.304
0.695 0.334
0.696 0.304
0.701 0.263
0.701 0.305
0.702 0.263
0.702 0.305
0.703 0.263
0.703 0.305
0.704 0.305
0.705 0.305
0.706 0.305
0.707 0.305
0.708 0.225
0.709 0.225
0.71 0.225
0.713 0.306
0.714 0.264
0.714 0.287
0.714 0.306
0.715 0.264
0.715 0.306
0.716 0.264
0.716 0.306
0.717 0.306
0.718 0.306
0.719 0.211
0.719 0.306
0.721 0.216
0.724 0.226
0.725 0.226
0.725 0.307
0.726 0.226
0.726 0.307
0.727 0.307
0.728 0.265
0.728 0.307
0.729 0.265
0.729 0.307
0.73 0.265
0.73 0.307
0.731 0.307
0.737 0.308
0.738 0.217
0.738 0.308
0.739 0.308
0.74 0.227
0.74 0.308
0.741 0.227
0.741 0.308
0.742 0.227
0.742 0.266
0.742 0.308
0.743 0.266
0.743 0.308
0.744 0.266
0.749 0.309
0.75 0.309
0.751 0.309
0.752 0.309
0.753 0.309
0.754 0.309
0.755 0.218
0.755 0.309
0.756 0.267
0.757 0.228
0.757 0.267
0.758 0.228
0.758 0.267
0.759 0.228
0.761 0.31
0.762 0.31
0.763 0.31
0.764 0.31
0.765 0.31
0.766 0.31
0.767 0.31
0.77 0.268
0.771 0.268
0.771 0.341
0.772 0.268
0.773 0.229
0.773 0.311
0.774 0.229
0.774 0.287
0.774 0.311
0.775 0.229
0.775 0.311
0.776 0.229
0.776 0.311
0.777 0.311
0.778 0.311
0.779 0.311
0.78 0.311
0.784 0.269
0.785 0.269
0.785 0.312
0.786 0.269
0.786 0.312
0.787 0.269
0.787 0.312
0.788 0.288
0.788 0.312
0.789 0.312
0.79 0.312
0.791 0.23
0.791 0.312
0.792 0.23
0.792 0.312
0.793 0.23
0.793 0.312
0.798 0.313
0.799 0.27
0.799 0.313
0.8 0.27
0.8 0.313
0.801 0.27
0.801 0.289
0.801 0.313
0.802 0.27
0.802 0.289
0.802 0.313
0.803 0.313
0.804 0.313
0.805 0.313
0.808 0.231
0.809 0.231
0.81 0.231
0.811 0.314
0.812 0.314
0.813 0.314
0.814 0.271
0.814 0.314
0.815 0.271
0.815 0.29
0.815 0.314
0.816 0.271
0.816 0.29
0.816 0.314
0.817 0.271
0.817 0.314
0.818 0.314
0.824 0.315
0.825 0.315
0.826 0.232
0.826 0.315
0.827 0.222
0.827 0.232
0.827 0.315
0.828 0.232
0.828 0.315
0.829 0.272
0.829 0.315
0.83 0.272
0.83 0.291
0.83 0.315
0.831 0.272
0.831 0.291
0.831 0.315
0.832 0.272
0.837 0.316
0.838 0.316
0.839 0.316
0.84 0.316
0.841 0.316
0.842 0.316
0.843 0.233
0.843 0.316
0.844 0.233
0.844 0.273
0.844 0.292
0.844 0.316
0.845 0.233
0.845 0.273
0.845 0.292
0.845 0.316
0.846 0.223
0.846 0.233
0.846 0.273
0.846 0.292
0.847 0.273
0.851 0.317
0.852 0.317
0.853 0.317
0.854 0.317
0.855 0.317
0.856 0.317
0.857 0.317
0.858 0.293
0.858 0.317
0.859 0.293
0.86 0.274
0.86 0.293
0.861 0.274
0.861 0.293
0.862 0.234
0.862 0.274
0.863 0.234
0.863 0.274
0.864 0.234
0.864 0.318
0.865 0.224
0.865 0.318
0.866 0.219
0.866 0.318
0.867 0.318
0.868 0.318
0.869 0.318
0.87 0.318
0.871 0.318
0.872 0.318
0.873 0.294
0.874 0.294
0.875 0.294
0.876 0.275
0.876 0.294
0.877 0.275
0.877 0.294
0.878 0.275
0.878 0.319
0.879 0.275
0.879 0.319
0.88 0.235
0.88 0.319
0.881 0.235
0.881 0.319
0.882 0.235
0.882 0.319
0.883 0.235
0.883 0.319
0.884 0.319
0.885 0.319
0.886 0.22
0.886 0.319
0.888 0.295
0.889 0.295
0.89 0.295
0.891 0.295
0.891 0.32
0.892 0.276
0.892 0.295
0.892 0.32
0.893 0.276
0.893 0.32
0.894 0.276
0.894 0.32
0.895 0.276
0.895 0.32
0.896 0.32
0.897 0.32
0.898 0.32
0.899 0.236
0.899 0.32
0.9 0.236
0.9 0.32
0.901 0.236
0.902 0.236
0.903 0.296
0.904 0.226
0.904 0.296
0.905 0.296
0.905 0.321
0.906 0.296
0.906 0.321
0.907 0.296
0.907 0.321
0.908 0.277
0.908 0.296
0.908 0.321
0.909 0.277
0.909 0.321
0.91 0.277
0.91 0.321
0.911 0.277
0.911 0.321
0.912 0.321
0.913 0.321
0.914 0.321
0.918 0.237
0.919 0.237
0.919 0.297
0.92 0.237
0.92 0.297
0.92 0.322
0.921 0.237
0.921 0.297
0.921 0.322
0.922 0.297
0.922 0.322
0.923 0.297
0.923 0.322
0.924 0.297
0.924 0.322
0.925 0.278
0.925 0.297
0.925 0.322
0.926 0.278
0.926 0.322
0.927 0.222
0.927 0.278
0.927 0.322
0.928 0.278
0.928 0.322
0.934 0.298
0.934 0.323
0.935 0.298
0.935 0.323
0.936 0.298
0.936 0.323
0.937 0.298
0.937 0.323
0.938 0.238
0.938 0.298
0.938 0.323
0.939 0.238
0.939 0.298
0.939 0.323
0.94 0.238
0.94 0.298
0.94 0.323
0.941 0.238
0.941 0.279
0.941 0.323
0.942 0.279
0.942 0.323
0.943 0.279
0.943 0.323
0.944 0.279
0.945 0.228
0.945 0.279
0.948 0.223
0.949 0.324
0.95 0.299
0.95 0.324
0.951 0.299
0.951 0.324
0.952 0.299
0.952 0.324
0.953 0.299
0.953 0.324
0.954 0.299
0.954 0.324
0.955 0.324
0.956 0.324
0.957 0.324
0.958 0.239
0.958 0.28
0.959 0.239
0.959 0.28
0.96 0.239
0.96 0.28
0.961 0.28
0.962 0.28
0.963 0.325
0.964 0.325
0.965 0.325
0.966 0.229
0.966 0.3
0.966 0.325
0.967 0.3
0.967 0.325
0.968 0.3
0.968 0.325
0.969 0.3
0.969 0.325
0.97 0.325
0.971 0.325
0.972 0.325
0.976 0.281
0.977 0.281
0.978 0.24
0.978 0.281
0.978 0.326
0.979 0.24
0.979 0.281
0.979 0.326
0.98 0.24
0.98 0.326
0.981 0.24
0.981 0.326
0.982 0.301
0.982 0.326
0.983 0.301
0.983 0.326
0.984 0.301
0.984 0.326
0.985 0.301
0.985 0.326
0.986 0.326
0.987 0.23
0.987 0.326
0.993 0.282
0.993 0.327
0.994 0.282
0.994 0.327
0.995 0.282
0.995 0.327
0.996 0.282
0.996 0.327
0.997 0.327
0.998 0.241
0.998 0.327
0.999 0.241
0.999 0.302
0.999 0.327
1.0 0.241
1.0 0.302
1.0 0.327
1.001 0.241
1.001 0.327
1.002 0.327
1.009 0.231
1.009 0.328
1.01 0.328
1.011 0.283
1.011 0.328
1.012 0.283
1.012 0.328
1.013 0.283
1.013 0.328
1.014 0.283
1.014 0.328
1.015 0.303
1.015 0.328
1.016 0.303
1.016 0.328
1.017 0.328
1.018 0.328
1.019 0.242
1.02 0.242
1.021 0.242
1.022 0.242
1.024 0.329
1.025 0.329
1.026 0.329
1.027 0.329
1.028 0.329
1.029 0.284
1.029 0.329
1.03 0.284
1.03 0.329
1.031 0.232
1.031 0.284
1.031 0.329
1.032 0.264
1.032 0.284
1.032 0.304
1.032 0.329
1.033 0.329
1.04 0.33
1.041 0.243
1.041 0.33
1.042 0.243
1.042 0.33
1.043 0.243
1.043 0.33
1.044 0.243
1.044 0.33
1.045 0.33
1.046 0.33
1.047 0.285
1.047 0.33
1.048 0.285
1.048 0.33
1.049 0.285
1.049 0.305
1.049 0.33
1.05 0.285
1.051 0.285
1.053 0.233
1.056 0.331
1.057 0.331
1.058 0.331
1.059 0.331
1.06 0.331
1.061 0.331
1.062 0.244
1.062 0.331
1.063 0.244
1.063 0.331
1.064 0.244
1.064 0.331
1.065 0.244
1.065 0.286
1.065 0.331
1.066 0.286
1.066 0.306
1.067 0.286
1.068 0.286
1.069 0.286
1.072 0.332
1.073 0.332
1.074 0.332
1.075 0.332
1.076 0.234
1.076 0.332
1.077 0.332
1.078 0.332
1.079 0.332
1.08 0.332
1.081 0.332
1.084 0.245
1.084 0.287
1.085 0.245
1.085 0.287
1.086 0.245
1.086 0.287
1.087 0.245
1.087 0.287
1.088 0.287
1.088 0.333
1.089 0.333
1.09 0.333
1.091 0.333
1.092 0.333
1.093 0.333
1.094 0.333
1.095 0.333
1.096 0.333
1.097 0.333
1.098 0.333
1.099 0.235
1.103 0.288
1.104 0.288
1.104 0.334
1.105 0.288
1.105 0.334
1.106 0.246
1.106 0.288
1.106 0.334
1.107 0.246
1.107 0.288
1.107 0.334
1.108 0.246
1.108 0.334
1.109 0.246
1.109 0.334
1.11 0.246
1.11 0.334
1.111 0.334
1.112 0.334
1.113 0.334
1.114 0.334
1.121 0.335
1.122 0.335
1.123 0.236
1.123 0.289
1.123 0.335
1.124 0.289
1.124 0.335
1.125 0.289
1.125 0.335
1.126 0.289
1.126 0.335
1.127 0.289
1.127 0.335
1.128 0.335
1.129 0.247
1.129 0.335
1.13 0.247
1.13 0.335
1.131 0.247
1.131 0.335
1.132 0.247
1.138 0.336
1.139 0.336
1.14 0.336
1.141 0.336
1.142 0.29
1.142 0.336
1.143 0.29
1.143 0.336
1.144 0.29
1.144 0.336
1.145 0.29
1.145 0.336
1.146 0.29
1.146 0.336
1.147 0.237
1.147 0.336
1.148 0.336
1.152 0.248
1.153 0.248
1.154 0.248
1.155 0.248
1.155 0.337
1.156 0.248
1.156 0.337
1.157 0.337
1.158 0.337
1.159 0.337
1.16 0.337
1.161 0.337
1.162 0.291
1.162 0.337
1.163 0.291
1.163 0.337
1.164 0.291
1.164 0.337
1.165 0.291
1.165 0.337
1.166 0.291
1.171 0.238
1.172 0.338
1.173 0.338
1.174 0.338
1.175 0.249
1.175 0.338
1.176 0.249
1.176 0.338
1.177 0.249
1.177 0.338
1.178 0.249
1.178 0.338
1.179 0.249
1.179 0.338
1.18 0.338
1.181 0.338
1.182 0.292
1.182 0.338
1.183 0.292
1.183 0.338
1.184 0.292
1.185 0.292
1.186 0.292
1.189 0.339
1.19 0.339
1.191 0.339
1.192 0.339
1.193 0.339
1.194 0.313
1.194 0.339
1.195 0.339
1.196 0.239
1.196 0.339
1.197 0.339
1.198 0.339
1.199 0.25
1.199 0.339
1.2 0.25
1.2 0.339
1.201 0.25
1.202 0.25
1.202 0.293
1.203 0.25
1.203 0.293
1.204 0.293
1.205 0.293
1.206 0.293
1.207 0.293
1.207 0.34
1.208 0.34
1.209 0.34
1.21 0.34
1.211 0.34
1.212 0.34
1.213 0.314
1.213 0.34
1.214 0.34
1.215 0.34
1.216 0.34
1.217 0.34
1.218 0.34
1.221 0.24
1.223 0.251
1.223 0.294
1.224 0.251
1.224 0.294
1.225 0.251
1.225 0.294
1.225 0.341
1.226 0.251
1.226 0.294
1.226 0.341
1.227 0.251
1.227 0.294
1.227 0.341
1.228 0.341
1.229 0.341
1.23 0.341
1.231 0.341
1.232 0.341
1.233 0.315
1.233 0.341
1.234 0.341
1.235 0.341
1.236 0.341
1.243 0.342
1.244 0.295
1.244 0.342
1.245 0.295
1.245 0.342
1.246 0.295
1.246 0.342
1.247 0.241
1.247 0.295
1.247 0.342
1.248 0.252
1.248 0.295
1.248 0.342
1.249 0.252
1.249 0.342
1.25 0.252
1.25 0.342
1.251 0.252
1.251 0.342
1.252 0.252
1.252 0.316
1.252 0.342
1.253 0.316
1.253 0.342
1.254 0.342
1.261 0.343
1.262 0.343
1.263 0.343
1.264 0.343
1.265 0.296
1.265 0.343
1.266 0.296
1.266 0.343
1.267 0.296
1.267 0.343
1.268 0.296
1.268 0.343
1.269 0.296
1.269 0.343
1.27 0.296
1.27 0.343
1.271 0.343
1.272 0.317
1.272 0.343
1.273 0.242
1.273 0.253
1.273 0.317
1.273 0.343
1.274 0.253
1.274 0.317
1.275 0.253
1.276 0.253
1.277 0.253
1.28 0.344
1.281 0.344
1.282 0.344
1.283 0.344
1.284 0.344
1.285 0.344
1.286 0.344
1.287 0.297
1.287 0.344
1.288 0.297
1.288 0.344
1.289 0.297
1.289 0.344
1.29 0.297
1.29 0.344
1.291 0.297
1.291 0.344
1.292 0.318
1.292 0.344
1.293 0.318
1.294 0.318
1.295 0.318
1.298 0.254
1.298 0.345
1.299 0.243
1.299 0.254
1.299 0.345
1.3 0.243
1.3 0.254
1.3 0.345
1.301 0.254
1.301 0.345
1.302 0.254
1.302 0.345
1.303 0.345
1.304 0.345
1.305 0.345
1.306 0.345
1.307 0.345
1.308 0.298
1.308 0.345
1.309 0.298
1.309 0.345
1.31 0.298
1.31 0.345
1.311 0.298
1.312 0.298
1.313 0.238
1.313 0.298
1.313 0.319
1.314 0.319
1.315 0.319
1.316 0.319
1.317 0.346
1.318 0.346
1.319 0.346
1.32 0.346
1.321 0.346
1.322 0.346
1.323 0.346
1.324 0.255
1.324 0.346
1.325 0.255
1.325 0.346
1.326 0.244
1.326 0.255
1.326 0.346
1.327 0.244
1.327 0.255
1.327 0.346
1.328 0.255
1.328 0.346
1.329 0.346
1.33 0.346
1.331 0.299
1.332 0.299
1.333 0.299
1.334 0.299
1.334 0.32
1.335 0.299
1.335 0.32
1.336 0.32
1.336 0.347
1.337 0.32
1.337 0.347
1.338 0.347
1.339 0.347
1.34 0.347
1.341 0.347
1.342 0.347
1.343 0.347
1.344 0.347
1.345 0.347
1.346 0.347
1.347 0.347
1.348 0.347
1.349 0.347
1.35 0.256
1.351 0.256
1.352 0.256
1.353 0.256
1.353 0.3
1.354 0.245
1.354 0.256
1.354 0.3
1.354 0.321
1.355 0.3
1.355 0.321
1.356 0.3
1.356 0.321
1.356 0.348
1.357 0.3
1.357 0.321
1.357 0.348
1.358 0.3
1.358 0.321
1.358 0.348
1.359 0.321
1.359 0.348
1.36 0.348
1.361 0.348
1.362 0.348
1.363 0.348
1.364 0.348
1.365 0.348
1.366 0.348
1.367 0.348
1.368 0.348
1.369 0.24
1.375 0.349
1.376 0.301
1.376 0.322
1.376 0.349
1.377 0.257
1.377 0.301
1.377 0.322
1.377 0.349
1.378 0.257
1.378 0.301
1.378 0.322
1.378 0.349
1.379 0.257
1.379 0.301
1.379 0.322
1.379 0.349
1.38 0.257
1.38 0.301
1.38 0.322
1.38 0.349
1.381 0.257
1.381 0.301
1.381 0.322
1.381 0.349
1.382 0.246
1.382 0.322
1.382 0.349
1.383 0.349
1.384 0.349
1.385 0.349
1.386 0.349
1.387 0.349
1.388 0.349
1.395 0.35
1.396 0.35
1.397 0.323
1.397 0.35
1.398 0.323
1.398 0.35
1.399 0.302
1.399 0.323
1.399 0.35
1.4 0.302
1.4 0.323
1.4 0.35
1.401 0.302
1.401 0.323
1.401 0.35
1.402 0.302
1.402 0.323
1.402 0.35
1.403 0.302
1.403 0.323
1.403 0.35
1.404 0.258
1.404 0.302
1.404 0.323
1.404 0.35
1.405 0.258
1.405 0.35
1.406 0.258
1.406 0.35
1.407 0.258
1.407 0.35
1.408 0.258
1.408 0.35
1.41 0.247
1.41 0.281
1.415 0.351
1.416 0.351
1.417 0.351
1.418 0.351
1.419 0.324
1.419 0.351
1.42 0.324
1.42 0.351
1.421 0.324
1.421 0.351
1.422 0.303
1.422 0.324
1.422 0.351
1.423 0.303
1.423 0.324
1.423 0.351
1.424 0.303
1.424 0.324
1.424 0.351
1.425 0.303
1.425 0.324
1.425 0.351
1.426 0.303
1.426 0.324
1.426 0.351
1.427 0.242
1.427 0.303
1.427 0.324
1.427 0.351
1.428 0.351
1.429 0.351
1.431 0.259
1.432 0.259
1.433 0.259
1.434 0.259
1.435 0.259
1.435 0.352
1.436 0.259
1.436 0.352
1.437 0.352
1.438 0.352
1.439 0.248
1.439 0.352
1.44 0.352
1.441 0.325
1.441 0.352
1.442 0.325
1.442 0.352
1.443 0.325
1.443 0.352
1.444 0.325
1.444 0.352
1.445 0.325
1.445 0.352
1.446 0.304
1.446 0.325
1.446 0.352
1.447 0.304
1.447 0.325
1.447 0.352
1.448 0.304
1.448 0.325
1.448 0.352
1.449 0.304
1.449 0.352
1.45 0.304
1.451 0.304
1.456 0.353
1.457 0.353
1.458 0.353
1.459 0.26
1.459 0.353
1.46 0.26
1.46 0.353
1.461 0.26
1.461 0.353
1.462 0.26
1.462 0.353
1.463 0.26
1.463 0.326
1.463 0.353
1.464 0.26
1.464 0.326
1.464 0.353
1.465 0.326
1.465 0.353
1.466 0.326
1.466 0.353
1.467 0.326
1.467 0.353
1.468 0.249
1.468 0.326
1.468 0.353
1.469 0.305
1.469 0.326
1.469 0.353
1.47 0.305
1.47 0.353
1.471 0.305
1.472 0.305
1.473 0.305
1.474 0.305
1.475 0.305
1.477 0.354
1.478 0.354
1.479 0.354
1.48 0.354
1.481 0.354
1.482 0.354
1.483 0.354
1.484 0.354
1.485 0.354
1.486 0.327
1.486 0.354
1.487 0.244
1.487 0.261
1.487 0.327
1.487 0.354
1.488 0.261
1.488 0.327
1.488 0.354
1.489 0.261
1.489 0.327
1.489 0.354
1.49 0.261
1.49 0.327
1.49 0.354
1.491 0.261
1.491 0.354
1.492 0.261
1.494 0.306
1.495 0.306
1.496 0.306
1.497 0.306
1.498 0.25
1.498 0.306
1.498 0.355
1.499 0.306
1.499 0.355
1.5 0.355
1.501 0.355
1.502 0.355
1.503 0.355
1.504 0.355
1.505 0.355
1.506 0.355
1.507 0.355
1.508 0.355
1.509 0.328
1.509 0.355
1.51 0.328
1.51 0.355
1.511 0.328
1.511 0.355
1.512 0.328
1.512 0.355
1.516 0.262
1.517 0.262
1.518 0.262
1.518 0.307
1.519 0.262
1.519 0.307
1.519 0.356
1.52 0.262
1.52 0.307
1.52 0.356
1.521 0.262
1.521 0.307
1.521 0.356
1.522 0.307
1.522 0.356
1.523 0.307
1.523 0.356
1.524 0.307
1.524 0.356
1.525 0.356
1.526 0.356
1.527 0.356
1.528 0.251
1.528 0.356
1.529 0.356
1.53 0.356
1.531 0.356
1.532 0.329
1.532 0.356
1.533 0.329
1.533 0.356
1.534 0.329
1.54 0.357
1.541 0.357
1.542 0.357
1.543 0.308
1.543 0.357
1.544 0.308
1.544 0.357
1.545 0.263
1.545 0.308
1.545 0.357
1.546 0.263
1.546 0.308
1.546 0.357
1.547 0.263
1.547 0.308
1.547 0.357
1.548 0.263
1.548 0.308
1.548 0.357
1.549 0.246
1.549 0.263
1.549 0.308
1.549 0.357
1.55 0.263
1.55 0.357
1.551 0.357
1.552 0.357
1.553 0.357
1.554 0.357
1.555 0.33
1.555 0.357
1.556 0.33
1.557 0.33
1.558 0.252
1.559 0.252
1.562 0.358
1.563 0.358
1.564 0.358
1.565 0.358
1.566 0.358
1.567 0.358
1.568 0.309
1.568 0.358
1.569 0.309
1.569 0.358
1.57 0.309
1.57 0.358
1.571 0.309
1.571 0.358
1.572 0.309
1.572 0.358
1.573 0.309
1.573 0.358
1.574 0.309
1.574 0.358
1.575 0.264
1.575 0.358
1.576 0.264
1.576 0.358
1.577 0.264
1.577 0.358
1.578 0.264
1.579 0.264
1.579 0.331
1.58 0.264
1.58 0.331
1.584 0.359
1.585 0.359
1.586 0.359
1.587 0.359
1.588 0.359
1.589 0.359
1.59 0.253
1.59 0.359
1.591 0.359
1.592 0.359
1.593 0.359
1.594 0.31
1.594 0.359
1.595 0.31
1.595 0.359
1.596 0.31
1.596 0.359
1.597 0.31
1.597 0.359
1.598 0.31
1.598 0.359
1.599 0.31
1.599 0.359
1.6 0.31
1.603 0.332
1.605 0.265
1.606 0.265
1.606 0.36
1.607 0.265
1.607 0.36
1.608 0.265
1.608 0.36
1.609 0.265
1.609 0.36
1.61 0.265
1.61 0.36
1.611 0.36
1.612 0.36
1.613 0.248
1.613 0.36
1.614 0.36
1.615 0.36
1.616 0.36
1.617 0.36
1.618 0.36
1.619 0.36
1.62 0.311
1.62 0.36
1.621 0.254
1.621 0.311
1.621 0.36
1.622 0.254
1.622 0.311
1.623 0.311
1.624 0.311
1.625 0.311
1.626 0.311
1.627 0.333
1.629 0.361
1.63 0.361
1.631 0.361
1.632 0.361
1.633 0.361
1.634 0.361
1.635 0.266
1.635 0.361
1.636 0.266
1.636 0.361
1.637 0.266
1.637 0.361
1.638 0.266
1.638 0.361
1.639 0.266
1.639 0.361
1.64 0.266
1.64 0.361
1.641 0.266
1.641 0.361
1.642 0.361
1.643 0.361
1.644 0.361
1.646 0.312
1.647 0.312
1.648 0.312
1.649 0.312
1.65 0.312
1.651 0.312
1.651 0.362
1.652 0.312
1.652 0.362
1.653 0.255
1.653 0.362
1.654 0.255
1.654 0.362
1.655 0.362
1.656 0.362
1.657 0.362
1.658 0.362
1.659 0.362
1.66 0.362
1.661 0.362
1.662 0.362
1.663 0.362
1.664 0.362
1.665 0.362
1.666 0.267
1.666 0.362
1.667 0.267
1.667 0.362
1.668 0.267
1.669 0.267
1.67 0.267
1.67 0.398
1.671 0.267
1.672 0.267
1.672 0.313
1.673 0.313
1.674 0.313
1.674 0.363
1.675 0.313
1.675 0.363
1.676 0.313
1.676 0.363
1.677 0.313
1.677 0.363
1.678 0.313
1.678 0.363
1.679 0.25
1.679 0.313
1.679 0.363
1.68 0.363
1.681 0.363
1.682 0.363
1.683 0.363
1.684 0.363
1.685 0.363
1.686 0.256
1.686 0.363
1.687 0.256
1.687 0.363
1.688 0.363
1.689 0.363
1.69 0.363
1.697 0.364
1.698 0.364
1.699 0.314
1.699 0.364
1.7 0.268
1.7 0.314
1.7 0.364
1.701 0.268
1.701 0.314
1.701 0.364
1.702 0.268
1.702 0.314
1.702 0.364
1.703 0.268
1.703 0.314
1.703 0.364
1.704 0.314
1.704 0.364
1.705 0.314
1.705 0.364
1.706 0.314
1.706 0.364
1.707 0.364
1.708 0.364
1.709 0.364
1.71 0.364
1.711 0.364
1.712 0.364
1.713 0.364
1.719 0.257
1.72 0.257
1.721 0.365
1.722 0.365
1.723 0.365
1.724 0.365
1.725 0.365
1.726 0.365
1.727 0.315
1.727 0.365
1.728 0.315
1.728 0.365
1.729 0.315
1.729 0.365
1.73 0.315
1.73 0.365
1.731 0.315
1.731 0.365
1.732 0.315
1.732 0.365
1.733 0.315
1.733 0.365
1.734 0.365
1.734 0.401
1.735 0.269
1.735 0.365
1.736 0.365
1.737 0.365
1.744 0.366
1.745 0.366
1.746 0.366
1.747 0.252
1.747 0.366
1.748 0.366
1.749 0.366
1.75 0.366
1.751 0.366
1.752 0.366
1.753 0.258
1.753 0.366
1.754 0.258
1.754 0.316
1.754 0.366
1.755 0.316
1.755 0.366
1.756 0.316
1.756 0.366
1.757 0.316
1.757 0.366
1.758 0.316
1.758 0.366
1.759 0.316
1.759 0.366
1.76 0.316
1.76 0.366
1.761 0.316
1.761 0.366
1.768 0.367
1.769 0.367
1.77 0.367
1.771 0.367
1.772 0.367
1.773 0.367
1.774 0.367
1.775 0.367
1.776 0.367
1.777 0.367
1.778 0.367
1.779 0.339
1.779 0.367
1.78 0.367
1.781 0.367
1.782 0.253
1.782 0.317
1.782 0.367
1.783 0.317
1.783 0.367
1.784 0.317
1.784 0.367
1.785 0.317
1.785 0.367
1.786 0.317
1.787 0.259
1.787 0.317
1.788 0.259
1.788 0.317
1.789 0.317
1.793 0.368
1.794 0.368
1.795 0.368
1.796 0.368
1.797 0.368
1.798 0.368
1.799 0.368
1.8 0.368
1.801 0.368
1.802 0.368
1.803 0.368
1.804 0.368
1.805 0.368
1.806 0.368
1.807 0.368
1.808 0.368
1.809 0.368
1.81 0.318
1.81 0.368
1.811 0.318
1.812 0.318
1.813 0.318
1.814 0.318
1.815 0.318
1.816 0.318
1.817 0.318
1.817 0.369
1.818 0.369
1.819 0.369
1.82 0.369
1.821 0.369
1.822 0.26
1.822 0.369
1.823 0.26
1.823 0.369
1.824 0.369
1.825 0.369
1.826 0.369
1.827 0.369
1.828 0.369
1.829 0.369
1.83 0.369
1.831 0.369
1.832 0.341
1.832 0.369
1.833 0.369
1.834 0.369
1.839 0.319
1.84 0.319
1.841 0.319
1.842 0.319
1.842 0.37
1.843 0.319
1.843 0.37
1.844 0.319
1.844 0.37
1.845 0.319
1.845 0.37
1.846 0.319
1.846 0.37
1.847 0.37
1.848 0.37
1.849 0.37
1.85 0.37
1.851 0.37
1.852 0.37
1.853 0.37
1.854 0.37
1.855 0.37
1.856 0.37
1.857 0.261
1.857 0.37
1.858 0.261
1.858 0.37
1.859 0.342
1.859 0.37
1.86 0.342
1.867 0.371
1.868 0.32
1.868 0.371
1.869 0.32
1.869 0.371
1.87 0.32
1.87 0.371
1.871 0.32
1.871 0.371
1.872 0.32
1.872 0.371
1.873 0.32
1.873 0.371
1.874 0.32
1.874 0.371
1.875 0.32
1.875 0.371
1.876 0.371
1.877 0.371
1.878 0.371
1.879 0.371
1.88 0.371
1.881 0.371
1.882 0.371
1.883 0.371
1.884 0.371
1.885 0.371
1.887 0.343
1.888 0.343
1.892 0.372
1.893 0.262
1.893 0.372
1.894 0.262
1.894 0.372
1.895 0.372
1.896 0.372
1.897 0.321
1.897 0.372
1.898 0.321
1.898 0.372
1.899 0.321
1.899 0.372
1.9 0.321
1.9 0.372
1.901 0.321
1.901 0.372
1.902 0.321
1.902 0.372
1.903 0.321
1.903 0.372
1.904 0.321
1.904 0.372
1.905 0.321
1.905 0.372
1.906 0.372
1.907 0.372
1.908 0.372
1.909 0.372
1.91 0.372
1.914 0.344
1.915 0.344
1.916 0.344
1.918 0.373
1.919 0.373
1.92 0.373
1.921 0.373
1.922 0.373
1.923 0.373
1.924 0.373
1.925 0.373
1.926 0.373
1.927 0.322
1.927 0.373
1.928 0.322
1.928 0.373
1.929 0.263
1.929 0.322
1.929 0.373
1.93 0.263
1.93 0.322
1.93 0.373
1.931 0.322
1.931 0.373
1.932 0.322
1.932 0.373
1.933 0.322
1.933 0.373
1.934 0.322
1.934 0.373
1.935 0.322
1.935 0.373
1.936 0.373
1.942 0.345
1.943 0.345
1.944 0.345
1.944 0.374
1.945 0.345
1.945 0.374
1.946 0.374
1.947 0.374
1.948 0.374
1.949 0.374
1.95 0.374
1.951 0.374
1.952 0.374
1.953 0.374
1.954 0.374
1.955 0.374
1.956 0.374
1.957 0.323
1.957 0.374
1.958 0.323
1.958 0.374
1.959 0.323
1.959 0.374
1.96 0.323
1.96 0.374
1.961 0.323
1.961 0.374
1.962 0.323
1.962 0.374
1.963 0.323
1.964 0.323
1.965 0.323
1.966 0.264
1.967 0.264
1.97 0.375
1.971 0.346
1.971 0.375
1.972 0.346
1.972 0.375
1.973 0.346
1.973 0.375
1.974 0.346
1.974 0.375
1.975 0.346
1.975 0.375
1.976 0.375
1.977 0.375
1.978 0.375
1.979 0.375
1.98 0.375
1.981 0.375
1.982 0.375
1.983 0.375
1.984 0.375
1.985 0.375
1.985 0.412
1.986 0.375
1.987 0.375
1.988 0.324
1.988 0.375
1.989 0.324
1.989 0.375
1.99 0.324
1.991 0.324
1.992 0.324
1.993 0.324
1.994 0.324
1.995 0.324
1.996 0.324
1.996 0.376
1.997 0.376
1.998 0.376
1.999 0.347
1.999 0.376
